0.06912851333618164 
0.09572257101535797 
0.12062023580074309 
0.07058031857013702 
0.09850378334522247 
0.11713168025016785 
0.074403777718544 
0.09495900571346283 
0.13049821555614471 
0.24204097688198087 
0.26031777262687683 
0.26988837122917175 
0.2482376992702484 
0.2637292146682739 
0.2678820788860321 
0.24803343415260318 
0.26031023263931274 
0.2694905400276184 
0.2575633227825165 
0.2718029320240021 
0.30103567242622375 
0.25342780351638794 
0.2773604094982147 
0.294485867023468 
0.25290200114250183 
0.27461880445480347 
0.29122257232666016 
0.07077939063310623 
0.06667831540107727 
0.07747014611959457 
0.07007134705781937 
0.07101867347955704 
0.07225087285041809 
0.07026486098766327 
0.07000985741615295 
0.07177969068288803 
0.07656672596931458 
0.07226822525262833 
0.08398497849702835 
0.09148801863193512 
0.08369576930999756 
0.08455869555473328 
0.09160342067480087 
0.09105689823627472 
0.08179885894060135 
0.08370936661958694 
0.08208340406417847 
0.08388327807188034 
0.08036602288484573 
0.08087158203125 
0.08327823877334595 
0.08469686657190323 
0.08771272003650665 
0.08447258919477463 
0.06605945527553558 
0.06946740299463272 
0.06768517941236496 
0.07030785828828812 
0.07767008244991302 
0.07214799523353577 
0.06692299246788025 
0.07249628007411957 
0.06928115338087082 
0.07712781429290771 
0.08502586930990219 
0.08354763686656952 
0.08509477972984314 
0.07358517497777939 
0.08905206620693207 
0.0868229940533638 
0.09283857047557831 
0.08776674419641495 
0.08096402883529663 
0.08161009103059769 
0.0809609591960907 
0.08508024364709854 
0.08240547776222229 
0.08580681681632996 
0.0784454196691513 
0.08424331247806549 
0.08756174892187119 
0.0008625320042483509 
0.0009685363038443029 
0.0013541975058615208 
0.0013260928681120276 
0.001138655235990882 
0.000661300728097558 
0.0017423738026991487 
0.0012853554217144847 
0.0009413104853592813 
0.0011654854752123356 
0.0011588907800614834 
0.0012936717830598354 
0.00101807143073529 
0.0013247499009594321 
0.0012626259122043848 
0.0013478905893862247 
0.0011721611954271793 
0.0015900286380201578 
0.0006600763299502432 
0.0013870521215721965 
0.0015931485686451197 
0.0012259952491149306 
0.0011804488021880388 
0.0012535989517346025 
0.0010791728273034096 
0.0006857793778181076 
0.0015403577126562595 
0.0008175903349183501 
0.001496118144132197 
0.001521081430837512 
0.0014696933794766665 
0.0013063023798167706 
0.0007619333919137716 
0.0007507116533815861 
0.0012501450255513191 
0.0013232724741101265 
0.001986801391467452 
0.0014249784871935844 
0.0013243915745988488 
0.0016923547955229878 
0.0023332845885306597 
0.0013024016516283154 
0.0013382696779444814 
0.0009912106906995177 
0.0006420786376111209 
0.0013904157094657421 
0.00241017690859735 
0.0010971432784572244 
0.0023786891251802444 
0.0012824565637856722 
0.0014147786423563957 
0.0015566848451271653 
0.0012639921624213457 
0.0010266539175063372 
0.0015196212334558368 
0.0014902054099366069 
0.00052317522931844 
0.0015727210557088256 
0.0010184624698013067 
0.001038585091009736 
0.0011799954809248447 
0.0009413596126250924 
0.0009104472701437771 
0.002341886982321739 
0.0009536212310194968 
0.0013454323634505272 
0.001254409202374518 
0.0010410977993160486 
0.0010923935333266854 
0.0016312976367771623 
0.0009451323421671987 
0.0013190465979278088 
0.001313435030169785 
0.0010894123697653413 
0.0009429068886674941 
0.001221991260536015 
0.0011918129166588187 
0.0019445235375314953 
0.0012177798198536038 
0.0022111781872808933 
0.001901803305372596 
0.0006418351549655199 
0.0014950548065826297 
0.000516093394253403 
0.0007374904234893621 
0.0008912337361834943 
0.0007186757284216583 
0.0006449947832152247 
0.0006585133378393948 
0.0005984432063996792 
0.0007379977614618837 
0.0004681448335759341 
0.0004443456709850579 
0.0008491108892485499 
0.0007843840285204351 
0.0004891935968771577 
0.0009298723307438195 
0.0009285482228733598 
0.0007145951385609806 
0.0009855030803009868 
0.0005845119012519717 
0.0007186357397586107 
0.000746380421333015 
0.0008488920866511762 
0.0007720599533058703 
0.0005633645341731608 
0.0005493516218848526 
0.0006080147577449679 
0.0005075840163044631 
0.0008159347926266491 
0.0009537171572446823 
0.0007527575362473727 
0.0007301981095224619 
0.0007111305021680892 
0.0010579219087958336 
0.0005736040184274316 
0.0005293408175930381 
0.0008847821154631674 
0.0006773518398404121 
0.0004814154526684434 
0.0006535674328915775 
0.0006640057545155287 
0.0006036380655132234 
0.0006216520559974015 
0.0007769508520141243 
0.0006169232656247914 
0.0008845921256579459 
0.00046924594789743423 
0.0006393819348886609 
0.0005245234933681786 
0.0006818387773819268 
0.0009294472984038293 
0.0008405755506828427 
0.0006897124694660306 
0.0006622351356782019 
0.0005941486451774836 
0.000594174605794251 
0.0006670100847259164 
0.0005721774650737643 
0.0006536440923810005 
0.0007403058116324246 
0.0008752781432121991 
0.0005964754964224994 
0.0006168085383251309 
0.001057070679962635 
0.0005502334679476917 
0.000687422405462712 
0.0006069992668926716 
0.000977871473878622 
0.0008679988677613436 
0.0008614686084911227 
0.0007033181027509272 
0.0011998278787359595 
0.0006560607580468059 
0.0009456968982703983 
0.0005935541121289134 
0.0009781823027879 
0.0007105345721356571 
0.0005203936598263681 
0.0004561761161312461 
0.0007397669833153486 
0.0005366089171729982 
0.07952667772769928 
0.10725490748882294 
0.12893152236938477 
0.08322867751121521 
0.1094684898853302 
0.13549752533435822 
0.07797931879758835 
0.1056286171078682 
0.1374225914478302 
0.2598785161972046 
0.27370530366897583 
0.2837998867034912 
0.2621521055698395 
0.2777118980884552 
0.28388285636901855 
0.2586609721183777 
0.26939091086387634 
0.2815209627151489 
0.2643888294696808 
0.2838398814201355 
0.29567044973373413 
0.263029009103775 
0.27810510993003845 
0.3025832176208496 
0.2693322002887726 
0.28364214301109314 
0.29908642172813416 
0.062312860041856766 
0.06847278773784637 
0.06555509567260742 
0.06696230918169022 
0.06949365139007568 
0.06694617867469788 
0.06417597085237503 
0.06510617583990097 
0.07125995308160782 
0.08005320280790329 
0.08331094682216644 
0.08408802002668381 
0.08101610839366913 
0.07869015634059906 
0.08474575728178024 
0.08621382713317871 
0.08293139189481735 
0.09030590206384659 
0.0753316879272461 
0.07560622692108154 
0.08749795705080032 
0.07643242925405502 
0.07806296646595001 
0.08326411992311478 
0.08092238008975983 
0.07223659753799438 
0.07594672590494156 
0.06964635848999023 
0.06626371294260025 
0.06667077541351318 
0.06674663722515106 
0.06461624056100845 
0.06375332921743393 
0.07229950278997421 
0.0649058073759079 
0.06083323061466218 
0.07500889152288437 
0.07618984580039978 
0.0839618369936943 
0.0820990800857544 
0.08865905553102493 
0.08224144577980042 
0.08201287686824799 
0.08925068378448486 
0.0784955844283104 
0.07944391667842865 
0.07941975444555283 
0.07578843832015991 
0.07621286064386368 
0.07571306824684143 
0.07630053162574768 
0.07623566687107086 
0.07684200257062912 
0.08113667368888855 
0.0006888992502354085 
0.0015230760909616947 
0.0008876019855961205 
0.0008003730908967556 
0.0014775920426473022 
0.0014534185174852607 
0.0011847164714708924 
0.002140353200957179 
0.0022413732949644327 
0.0012250968720763922 
0.0009728680597618222 
0.0019101129146292804 
0.0007880207849666476 
0.0010100097861140966 
0.0013440094189718366 
0.0017810611752793193 
0.000995705253444612 
0.0016519328346475959 
0.0010259010596200824 
0.0012320596724748611 
0.001427317038178444 
0.002667581895366311 
0.0014559476403519511 
0.0015522493049502375 
0.0020018734503537416 
0.0011693364940583706 
0.00230721035040915 
0.0011225007474422455 
0.0012449873611330986 
0.00074573332676664 
0.001297927345149219 
0.001249736757017672 
0.0009413444786332548 
0.0008694788557477295 
0.0013874393189325929 
0.001337347668595612 
0.0010173850459977984 
0.0008779891650192438 
0.0011807255214080215 
0.0013843538472428918 
0.0021013314835727215 
0.0008587772608734667 
0.001386380521580577 
0.001085977884940803 
0.0008203806937672198 
0.0008855647756718099 
0.0010287300683557987 
0.001468220492824912 
0.0013913970906287434 
0.001401752233505249 
0.0014689639210700989 
0.0017656954005360603 
0.0010611244942992926 
0.0017049356829375026 
0.000921556551475078 
0.0015476688276976347 
0.001290755346417427 
0.000744148506782949 
0.0009704393451102077 
0.0009780552936717868 
0.001337996800430119 
0.0014533512294292452 
0.0016173047479242086 
0.0015231509460136297 
0.0013930153800174594 
0.0010572194587439299 
0.0009590713889338076 
0.00167532148770988 
0.0020393216982483864 
0.0007631102344021201 
0.0008017519139684737 
0.0014396320329979062 
0.0006748479208908975 
0.0010897285537794232 
0.0016438637394458055 
0.0015735516790300608 
0.0012609778204932809 
0.0010849849786609411 
0.00151205831207335 
0.0015000882558524609 
0.0019510781858116386 
0.0010397580917924643 
0.0006576114101335406 
0.0007225336157716811 
0.0005766632384620607 
0.000675411953125149 
0.0006970604881644249 
0.0007282075239345431 
0.0005410126177594066 
0.0006274383049458265 
0.0008211107342503965 
0.0005782064981758595 
0.0009438437991775572 
0.0008152166847139598 
0.0007226564921438694 
0.001131138764321804 
0.0008445700514130294 
0.0007624876452609897 
0.0009688089485280216 
0.0009656868642196058 
0.0006433617090806365 
0.0008075714576989412 
0.0008980126003734767 
0.0008089716429822147 
0.0007582143298350275 
0.0005749787669628859 
0.0004719997814390808 
0.0005770261050201952 
0.00098760100081563 
0.000638917088508606 
0.0006773169152438641 
0.0008552200742997228 
0.0006338920793496072 
0.0005137721309438348 
0.0006806522142142057 
0.0007192287594079971 
0.0005688525270670652 
0.0005770733114331961 
0.0005701815243810415 
0.0004776955174747855 
0.0009443055605515838 
0.0005303811049088836 
0.0009429476340301334 
0.0005444671842269599 
0.0005029572057537735 
0.0007723782910034062 
0.0005971802747808397 
0.0009906660998240113 
0.0007029459229670465 
0.0008437958313152194 
0.0005935264052823186 
0.0008607276831753551 
0.0008274500141851604 
0.0009183159563690424 
0.0005064051947556436 
0.0007490579737350345 
0.0006140449550002813 
0.0005878880037926137 
0.0006623711669817567 
0.0004897524486295879 
0.0007730707875452936 
0.000674964627251029 
0.0006084877531975508 
0.0006242006202228367 
0.000831659825053066 
0.0008167211781255901 
0.0005761291831731796 
0.0008034890051931143 
0.0007492684526368976 
0.0012916586128994823 
0.0005170399672351778 
0.0004772280808538199 
0.0007861753692850471 
0.0004929967108182609 
0.0010603424161672592 
0.0006452120724134147 
0.0009065807098522782 
0.0007503576343879103 
0.0005464348942041397 
0.0008060622494667767 
0.0004631559131667018 
0.0005336347385309637 
0.04894975572824478 
0.07777439802885056 
0.10087781399488449 
0.05439060181379318 
0.07649149745702744 
0.10066793859004974 
0.05981040745973587 
0.07520504295825958 
0.09636645764112473 
0.16470395028591156 
0.18399561941623688 
0.18235796689987183 
0.16811619699001312 
0.18544681370258334 
0.18674959242343903 
0.16503064334392548 
0.17686080932617188 
0.1859254240989685 
0.2050098329782486 
0.22245107591152188 
0.22351022064685822 
0.2045224159955978 
0.219182088971138 
0.22064936161041263 
0.20413151383399966 
0.2211790531873703 
0.22401034832000735 
0.07450337707996368 
0.07944562286138535 
0.0893825963139534 
0.08251455426216125 
0.08355201780796051 
0.08619679510593414 
0.08069706708192825 
0.08166257292032242 
0.08554631471633911 
0.07585018873214722 
0.07184188812971115 
0.07801119238138199 
0.0713629350066185 
0.0690455287694931 
0.0764969065785408 
0.07583973556756973 
0.07815553992986679 
0.08193518966436386 
0.05219728872179985 
0.051526036113500595 
0.05837409198284149 
0.05551338195800781 
0.05815020203590393 
0.0631699413061142 
0.055925074964761734 
0.054740503430366516 
0.06014825776219367 
0.07708631455898285 
0.07649644464254379 
0.07474365085363388 
0.07155302911996841 
0.07272633165121078 
0.09472685307264328 
0.07886355370283127 
0.07891753315925598 
0.08149485290050507 
0.06974191963672638 
0.07148576527833939 
0.07514633238315582 
0.07189711928367615 
0.0679207518696785 
0.07529482990503311 
0.06866827607154846 
0.0751144215464592 
0.08200985193252563 
0.054011210799217224 
0.05371762812137604 
0.05645259842276573 
0.05039389058947563 
0.05355260148644447 
0.060460895299911506 
0.05712064355611801 
0.05393730476498604 
0.06232181191444398 
0.0018157443264499307 
0.0013736439868807793 
0.0009326084982603788 
0.0007129512960091233 
0.0012533963890746236 
0.0008802496595308186 
0.0023045376874506474 
0.0012771433684974909 
0.0012069738004356623 
0.0008835933404043317 
0.001201605424284935 
0.0011416906490921974 
0.001574734807945788 
0.0016917969333007934 
0.0020255232229828835 
0.0010012815473601222 
0.0013248615432530642 
0.0011477728839963675 
0.0013449143152683973 
0.0016405537026003 
0.0014679457526654005 
0.0013335810508579016 
0.001224868930876255 
0.0012873763917014003 
0.0018611133564263582 
0.001210617134347558 
0.0007208524621091783 
0.001506291562691331 
0.0015625192318111656 
0.001374702202156186 
0.0011132863583043218 
0.001436714199371636 
0.0017889683367684486 
0.002267531817778945 
0.0009271512390114368 
0.0011250877287238836 
0.0012092398246750236 
0.0020917379297316074 
0.0015385679434984922 
0.0019186120480298994 
0.0011871311580762267 
0.0010785919148474932 
0.0010122531093657017 
0.0011151893995702267 
0.0013508092379197478 
0.0010827219812199473 
0.0019392995163798332 
0.0009253526804968714 
0.0014474326744675636 
0.0008127170149236916 
0.0013256724923849106 
0.0011757739121094346 
0.0011528678005561233 
0.0009158002794720232 
0.0008191412198357285 
0.0012767284642904997 
0.0014491509646177292 
0.0015747089637443423 
0.0022250867914408445 
0.0018371223704889417 
0.0018043951131403444 
0.0017856304766610265 
0.0010539995273575187 
0.0007528475252911448 
0.0015771453035995364 
0.0016094135353341699 
0.0013460227055475116 
0.0009650037973187863 
0.0012349521275609732 
0.0015075497794896364 
0.0018262809608131647 
0.001148305949755013 
0.0015343697741627693 
0.0010860513430088758 
0.0011273783165961504 
0.0020236088894307613 
0.0016351223457604649 
0.0016745518660172818 
0.0009932945249602199 
0.0017886002315208318 
0.0020138691179454327 
0.0004570432647597044 
0.0006317906663753092 
0.00047633587382733816 
0.000520399131346494 
0.00067903968738392 
0.0004758433497045189 
0.0006033197860233486 
0.0007869222899898887 
0.0010674704099074006 
0.0009495718986727297 
0.000679273041896522 
0.0004971117596141994 
0.0013779157306998968 
0.0007368880906142294 
0.0008728213142603636 
0.0005076289526186883 
0.0006396454991772771 
0.0004432943242136389 
0.0011127028847113252 
0.0006424103048630059 
0.0009134569554589689 
0.00048734922893345356 
0.0005950328195467591 
0.0005799148348160088 
0.0005416423082351685 
0.0005315541638992727 
0.0006555608124472201 
0.000649138237349689 
0.0004485315294004977 
0.0007145803538151085 
0.0006958335288800299 
0.0005157178966328502 
0.0007347514620050787 
0.0009745627176016568 
0.0005723804933950305 
0.0009205866372212767 
0.0008050858159549534 
0.0006351880729198456 
0.0008097951649688184 
0.0007785233319737016 
0.0006212903535924852 
0.0005329538253135979 
0.0004777454305440188 
0.000731035484932363 
0.0008456195355392991 
0.0007602089899592103 
0.0007143871043808758 
0.0007426831289194524 
0.000701694458257407 
0.0007686156313866377 
0.0007551563321612775 
0.0008085831650532782 
0.0007887419778853655 
0.0004882792127318681 
0.0006539259338751435 
0.0006021317094564438 
0.0006282668909989297 
0.0006832503131590784 
0.0004792411928065121 
0.0005918310489505529 
0.0006239167996682227 
0.0006136994925327599 
0.0011096560629084706 
0.000657371710985899 
0.00048160721780732274 
0.0008863475522957742 
0.00077771331416443 
0.000569136580452323 
0.0007240077829919755 
0.0007442284259013832 
0.0005628317594528198 
0.0011207825737074018 
0.0006430096109397709 
0.000485206866869703 
0.0008922541746869682 
0.0014599577989429235 
0.0009305626736022533 
0.0013135283952578902 
0.0016323839081451297 
0.0012046477058902383 
0.0008551234495826066 
0.323892205953598 
0.3263837695121765 
0.3226175904273987 
0.34637659788131714 
0.34403523802757263 
0.3474634885787964 
0.01724185422062874 
0.015821857377886772 
0.019447755068540573 
0.13963951170444489 
0.1351173371076584 
0.13962747156620026 
0.18237754702568054 
0.18009237945079803 
0.1821606159210205 
0.2067709714174271 
0.21293894946575165 
0.20985138416290283 
0.14275291562080383 
0.1388343870639801 
0.13733011484146118 
0.1725800484418869 
0.1704852432012558 
0.17551392316818237 
0.19006417691707608 
0.18912123143672943 
0.18269185721874237 
0.0004700763674918562 
0.0007776701240800322 
0.000816192594356835 
0.0005943798460066319 
0.0005595814436674118 
0.0008812217274680734 
0.0007726279436610638 
0.0006554662249982357 
0.0005055785295553505 
0.0005780260544270277 
0.0006738252122886479 
0.0005755424499511719 
0.0004476947069633752 
0.0007154808845371008 
0.0005679801106452942 
0.0007504263194277884 
0.0010014860890805721 
0.0004906914546154439 
0.0004997082287445664 
0.0005227026413194835 
0.0005196415586397052 
0.0008727327222004533 
0.0004421671328600496 
0.0005404684925451875 
0.0005677832523360848 
0.000563644920475781 
0.0006955438293516636 
0.000919529760722071 
0.0008320403867401183 
0.0006671649171039462 
0.0010352915851399302 
0.0008829405414871871 
0.0006331338663585484 
0.0006381127750501037 
0.0008217433933168649 
0.0006223227246664464 
0.0006197912152856588 
0.00068785494659096 
0.0012022290611639619 
0.0011897472431883216 
0.000735459674615413 
0.00047465250827372074 
0.0007481438806280494 
0.0007559738005511463 
0.0005368346464820206 
0.000939501915127039 
0.0006875071558170021 
0.0008105995948426425 
0.0006172372377477586 
0.000548616808373481 
0.0005916116060689092 
0.0006128273089416325 
0.0007886976236477494 
0.0010519033530727029 
0.32018327713012695 
0.3209359645843506 
0.32332149147987366 
0.3519856035709381 
0.3505355715751648 
0.34727802872657776 
0.011211967095732689 
0.011020184494554996 
0.009910276159644127 
0.13454477488994598 
0.14048513770103455 
0.13485588133335114 
0.18074597418308258 
0.17619426548480988 
0.18145093321800232 
0.226695790886879 
0.21908816695213318 
0.2121148705482483 
0.12861719727516174 
0.1315184384584427 
0.13595439493656158 
0.1630352884531021 
0.16739486157894135 
0.1673351675271988 
0.19518774747848508 
0.19262167811393738 
0.18818362057209015 
0.0005727061070501804 
0.0009752237820066512 
0.0007954209577292204 
0.0008385794935747981 
0.0008429174195043743 
0.0007581921527162194 
0.000988231971859932 
0.0006214277818799019 
0.0004840996407438069 
0.000685259175952524 
0.0009949874365702271 
0.0004958488279953599 
0.0008013336919248104 
0.0006504210177809 
0.0005479578976519406 
0.0005653311382047832 
0.0009138228488154709 
0.0005053838831372559 
0.0005261297919787467 
0.0009923437610268593 
0.0007564403931610286 
0.0007638518582098186 
0.0008138634730130434 
0.0008884946582838893 
0.00048494289512746036 
0.0006339320098049939 
0.0005594831891357899 
0.0005019492818973958 
0.0007696817629039289 
0.0006305777351371944 
0.0009666624246165156 
0.0007279166602529585 
0.0008769497508183123 
0.0005955246742814779 
0.0008007646538317205 
0.0006492713000625372 
0.0006429200293496251 
0.0005647932994179428 
0.000426651502493769 
0.0005902274861000478 
0.0007333009853027761 
0.0009175566374324262 
0.0006981685874052346 
0.00072493776679039 
0.0005553915398195386 
0.00048592066741548484 
0.0006896445993334055 
0.0012160371989011765 
0.0010419482132419944 
0.0005190769443288445 
0.0006271355669014156 
0.0008017097716219723 
0.000978034920990467 
0.000684585829731077 
0.0518718734383583 
0.037157852202653885 
0.02893296256661415 
0.012616642750799656 
0.011949202977120876 
0.006457197014242411 
0.00020856499031651762 
0.00017064095300156623 
0.00019470629922579974 
0.0033032603096216917 
0.00521570909768343 
0.0068152062594890594 
0.00106549181509763 
0.003009035950526595 
0.0014836029149591923 
0.0006309914169833064 
0.0006866671610623598 
0.0005496626836247742 
0.0034464364871382718 
0.006906312890350818 
0.005295983981341124 
0.0014677527360618114 
0.002208532067015767 
0.002343472559005022 
0.0002110029308823869 
0.0009271473390981555 
0.0005366465775296092 
0.00048464362043887377 
0.0005622514290735126 
0.0007424560026265681 
0.000489792029839009 
0.0007330056978389621 
0.0006768446182832122 
0.0005199401639401913 
0.00044819366303272545 
0.000511342950630933 
0.0005172644159756601 
0.0006009440403431654 
0.0005536586977541447 
0.0003932994441129267 
0.0005765481037087739 
0.0005169361247681081 
0.0004498701891861856 
0.0006211762083694339 
0.0009203204535879196 
0.0007944813114590943 
0.0004775833222083748 
0.0004896184545941651 
0.0006015304825268686 
0.000663183571305126 
0.0005298372125253081 
0.0011809177231043577 
0.00043997983448207373 
0.0005479586543515325 
0.0004592483746819198 
0.0010946999536827207 
0.0005102089489810169 
0.00047681378782726824 
0.0007594709168188275 
0.0006026596529409289 
0.0005123682785779238 
0.0008215568959712982 
0.0007329024374485016 
0.0009834174998104572 
0.0004881446366198361 
0.000660441059153527 
0.0006709840381518006 
0.0006667397101409733 
0.0007748146308586001 
0.0005838581128045917 
0.0008193657267838717 
0.0006066373316571116 
0.0007536620832979679 
0.0008205557824112475 
0.0006625109817832708 
0.0005099784466437995 
0.0008954648510552943 
0.0004233226936776191 
0.0008505092118866742 
0.0006104862550273538 
0.0005561104044318199 
0.08382192254066467 
0.10015694051980972 
0.1036161482334137 
0.14115989208221436 
0.12897829711437225 
0.13266342878341675 
0.15976391732692719 
0.16748712956905365 
0.17308323085308075 
0.07764710485935211 
0.0707676038146019 
0.07690589129924774 
0.09459587931632996 
0.10795431584119798 
0.09461019933223724 
0.13669835031032562 
0.13820819556713104 
0.1332630068063736 
0.06759170442819595 
0.06790274381637573 
0.07849761098623276 
0.0989241749048233 
0.10598035156726839 
0.10518980771303178 
0.12574267387390137 
0.13680292665958405 
0.13229116797447205 
0.0010773135581985116 
0.001287735183723271 
0.0013411317486315966 
0.001473788172006607 
0.002159921219572425 
0.0021335456985980272 
0.0023586212191730738 
0.0031507534440606833 
0.0021596490405499935 
0.0014280061004683375 
0.0015663939993828535 
0.0011131555074825883 
0.0019043720094487069 
0.0016738967970013618 
0.0028504084330052137 
0.0027588307857513428 
0.0021727592684328556 
0.0018520281882956626 
0.001579188508912921 
0.001433888333849609 
0.0022095581516623497 
0.0015531585086137056 
0.0023014144971966743 
0.0015417778631672263 
0.0017757647437974813 
0.003588055726140738 
0.0029628127813339233 
0.0005144375027157366 
0.0008212290704250336 
0.0010952382581308484 
0.0007872828282415867 
0.000676153227686882 
0.0004117792996112258 
0.0006157511961646378 
0.0007251924253068864 
0.0006021709414198995 
0.0006053931429050863 
0.0006476774578914046 
0.000671319430693984 
0.00046966242371127004 
0.0008068039314821362 
0.0006576452869921923 
0.0006259674555622041 
0.0006046899943612516 
0.0006053526885807514 
0.0004407619126141072 
0.000795508676674217 
0.000537184823770076 
0.0006022614543326199 
0.000494576059281826 
0.0005665209610015154 
0.00045947119360789657 
0.0008544679149053991 
0.0004729085194412619 
0.09603395313024521 
0.10262005031108856 
0.10372451692819595 
0.13880054652690887 
0.12635566294193268 
0.13358581066131592 
0.170400470495224 
0.16632774472236633 
0.17071689665317535 
0.06623586267232895 
0.0657062828540802 
0.06936539709568024 
0.09840805083513261 
0.08484335243701935 
0.09907978773117065 
0.1264033019542694 
0.13098740577697754 
0.1351495385169983 
0.06361199170351028 
0.06754813343286514 
0.07000785320997238 
0.09985531121492386 
0.09602388739585876 
0.09881244599819183 
0.12695060670375824 
0.12695927917957306 
0.12577523291110992 
0.001413229969330132 
0.0011254993733018637 
0.0011423646938055754 
0.0011248488444834948 
0.001320458366535604 
0.002460397081449628 
0.0031621812377125025 
0.0018371408805251122 
0.0019522671354934573 
0.0017038399819284678 
0.0022095798049122095 
0.001694600563496351 
0.0023909236770123243 
0.0015671616420149803 
0.0017862527165561912 
0.0015509530203416946 
0.0029427616391330957 
0.003183811902999878 
0.0012524387566372752 
0.0008693057461641729 
0.0017262713517993689 
0.001607270329259336 
0.0019202331313863397 
0.0019360048463568094 
0.002505976939573884 
0.0020046455319970846 
0.002236120868474245 
0.0008895244682207704 
0.0013220293913036585 
0.0004452722205314786 
0.0006186463288031518 
0.000774177722632885 
0.0007749522919766605 
0.0007348732324317098 
0.0010674293152987957 
0.0011716396547853947 
0.0005223372136242688 
0.0007144355331547558 
0.0007117606000974774 
0.0007947701960802079 
0.0005990652134642005 
0.000513390579726547 
0.00043208641000092024 
0.0007123265531845391 
0.0006415305542759597 
0.0009999163448810577 
0.0005830432055518031 
0.0004830937250517309 
0.0006114408024586737 
0.0006952512776479125 
0.000629546819254756 
0.0006343465065583587 
0.0008585405303165318 
0.0005638200091198087 
0.09269598871469498 
0.0975114107131958 
0.10043264180421829 
0.14690104126930237 
0.13876217603683472 
0.1485268473625183 
0.18569976091384888 
0.1820901483297348 
0.18542304635047915 
0.07787149399518967 
0.08621137589216232 
0.08681531250476837 
0.10253387689590454 
0.10301130264997482 
0.10355235636234282 
0.14240138232707977 
0.13887953758239746 
0.13777489960193634 
0.07676626741886139 
0.0860884040594101 
0.0768069177865982 
0.09930790960788727 
0.11744559556245804 
0.10695421695709229 
0.1384243220090866 
0.14051689207553864 
0.1302625983953476 
0.0015348197193816304 
0.001127227209508419 
0.0009064934565685689 
0.002726457780227065 
0.0019723610021173954 
0.0012207581894472241 
0.0012636606115847826 
0.0016912632854655385 
0.00159718282520771 
0.001212220755405724 
0.0009098208392970264 
0.0016055811429396272 
0.0019614100456237793 
0.001690506935119629 
0.0019106556428596377 
0.0022301599383354187 
0.0014028653968125582 
0.0013871967094019055 
0.0013793132966384292 
0.0008077561506070197 
0.0013091680593788624 
0.0009043074096553028 
0.0014923630515113475 
0.001523910672403872 
0.0016084620729088783 
0.002014937112107873 
0.0013149628648534417 
0.0007934658206067979 
0.0005742759676650167 
0.0006243324605748057 
0.00042072281939908857 
0.0005695828003808856 
0.0005781742511317134 
0.0004802451003342867 
0.0008234159904532135 
0.00048334815073758364 
0.0007600488024763763 
0.0006710924208164215 
0.0006637289188802242 
0.001092401915229857 
0.0008908632444217802 
0.00045794522156938905 
0.0005732268909923732 
0.0008215808193199337 
0.0007822602055966854 
0.0005398458451963961 
0.0006229992723092437 
0.0011434537591412663 
0.0009224553941749036 
0.0006598085747100413 
0.0007197160739451647 
0.0005243181367404759 
0.0006346580339595675 
0.0005771184805780649 
