0.09008724242448807 
0.09534649550914764 
0.13471531867980957 
0.07450735569000244 
0.10807833820581436 
0.10107094794511794 
0.08881638199090958 
0.09780953079462053 
0.11636991053819656 
0.25854891538619995 
0.24594375491142273 
0.28218480944633484 
0.28421318531036377 
0.2913769483566284 
0.2919100224971771 
0.2844785451889038 
0.3023259937763214 
0.2795606851577759 
0.3175404369831085 
0.313988596200943 
0.3171836733818054 
0.3107028603553772 
0.3103283643722534 
0.3421948552131653 
0.3038385808467865 
0.3048608899116516 
0.31073474884033203 
0.05932909995317459 
0.07820919901132584 
0.06374932080507278 
0.09350273758172988 
0.10625080764293669 
0.08625919371843338 
0.09439418464899063 
0.07325129956007004 
0.09149135649204254 
0.1049068421125412 
0.10534019768238068 
0.0796070322394371 
0.11920081079006195 
0.08370999246835709 
0.09349269419908524 
0.11213766038417818 
0.07765064388513565 
0.12543357908725739 
0.10312434285879135 
0.08012956380844116 
0.10950631648302077 
0.0943373367190361 
0.07522939890623093 
0.09059879183769226 
0.09559694677591324 
0.09539087116718292 
0.11183781921863556 
0.060089822858572006 
0.08609067648649216 
0.06725160777568817 
0.07381477952003479 
0.08315359055995941 
0.07934346795082092 
0.09785784035921097 
0.06499700993299484 
0.0856599435210228 
0.08992550522089005 
0.10282301902770996 
0.07888010889291763 
0.08802617341279984 
0.10855128616094589 
0.09373410791158676 
0.09704852104187012 
0.11376876384019852 
0.08713053911924362 
0.08809904754161835 
0.06966277211904526 
0.08498574793338776 
0.08837491273880005 
0.0954819917678833 
0.04856892675161362 
0.07099534571170807 
0.07620113343000412 
0.083394356071949 
0.00017903873231261969 
0.00022150430595502257 
0.00016323175805155188 
0.0002914666838478297 
0.0007422887138091028 
0.00015567598165944219 
0.00018137009465135634 
0.00020359811605885625 
0.00019005716603714973 
0.001309541636146605 
0.0003087317745666951 
0.00026725383941084146 
0.0003011730732396245 
0.00025534082669764757 
0.0005785709363408387 
0.00030861730920150876 
0.00029890259611420333 
0.0001834626600611955 
0.0002066546876449138 
0.00020725376089103523 
0.00037810546928085387 
0.00027352312463335693 
0.0003605352248996496 
0.00048188507207669323 
0.0002767652622424066 
0.0006407081382349133 
0.0004628161841537804 
0.00026960126706399024 
0.00020562706049531698 
0.00043786139576695865 
0.00017803211812861264 
0.00026110614999197423 
0.0003746451111510396 
0.0002494962827768177 
0.00047355768037959933 
0.0001886769023258239 
0.00025782958255149424 
0.0002336177276447415 
0.00018341043323744088 
0.00020996047533117237 
0.0002579808351583779 
0.00044983907719142735 
0.0006576207233592868 
0.0004275755491107702 
0.0005092938663437963 
0.00023139489348977807 
0.00019707431783899665 
0.00017413345631211996 
0.0002874288475140929 
0.00025010129320435226 
0.00025190177257172763 
0.0002106399188051 
0.00036881232517771423 
0.0002473343338351697 
0.0002707413805183023 
0.0003210098366253078 
0.0002520401612855494 
0.00028933759313076735 
0.00016773452807683498 
0.00031053373822942376 
0.0002090129564749077 
0.0002488808531779796 
0.0002701019693631679 
0.00015110537060536444 
0.00016411603428423405 
0.00018027621263172477 
0.00018262324738316238 
0.00028574871248565614 
0.00021049640781711787 
0.00022565282415598628 
0.000552015844732523 
0.00029169843764975667 
0.0004856134473811835 
0.00029161581187509 
0.0002497511450201273 
0.0013886322267353535 
0.0001564363919897005 
0.00018052110681310296 
0.00020610869978554547 
0.0008049631142057478 
0.00017411542648915201 
0.00022557599004358053 
0.00022320958669297394 
0.0003625196113716811 
0.00029066592105664313 
0.0004087948764208704 
0.00838780403137207 
0.0023367968387901783 
0.0002935259253717959 
0.0001844716171035543 
0.00036423024721443653 
0.000345492095220834 
0.00016470832633785903 
0.00017485240823589265 
0.0001859126059571281 
0.0003454037068877369 
0.0001822978665586561 
0.0003894008696079254 
0.0005692659178748727 
0.00021579039457719776 
0.00014160064165480435 
0.0007447773241437972 
0.00019890391558874398 
0.0002082248975057155 
0.00017386366380378604 
0.0004928631242364645 
0.00026901831733994186 
0.00042017150553874677 
0.002939011203125119 
0.00036915182135999203 
0.0002640341699589044 
0.0016935761086642742 
0.0005298667238093913 
0.00018179419566877186 
0.00020468805450946093 
0.0007351356907747686 
0.0001819714525481686 
0.00022082559007685632 
0.0002582993183750659 
0.00019550898286979645 
0.0002101066493196413 
0.00024816711083985865 
0.00034081796184182167 
0.00042894508806057274 
0.0003119042085018009 
0.0003375860978849232 
0.0016147220740094783 
0.00042959471466019744 
0.00027095229597762227 
0.00021919033315498385 
0.00016332106315530837 
0.00027968286303803325 
0.00021238740009721366 
0.0005300845950841904 
0.00037237239303067327 
0.00021038328122813255 
0.0004104692197870463 
0.0002545985335018486 
0.000321331899613142 
0.00013364775804802775 
0.000300045358017087 
0.00021262693917378783 
0.00020627571211662143 
0.00020711877732537687 
0.00022974364401306954 
0.00018959912995342165 
0.0004327213973738253 
0.0002574181999079883 
0.00040240466478280723 
0.0003360843111295253 
0.00032610425841994584 
0.0003175202291458845 
0.000437131297076121 
0.0002170368243241683 
0.0002167747006751597 
0.00019950934802182016 
0.00028506829403340816 
0.0001426356757292524 
0.0006346747395582497 
0.00042603581096045673 
0.00024828925961628556 
0.0004710325738415122 
0.11589468270540236 
0.1189592257142067 
0.1637779176235199 
0.09764432162046432 
0.11562944948673248 
0.1493290662765503 
0.09766659885644913 
0.1146358996629715 
0.16772858798503876 
0.30674779415130615 
0.34660276770591736 
0.3136640787124634 
0.29771625995635986 
0.29426127672195435 
0.315266489982605 
0.2993171215057373 
0.32418447732925415 
0.3353426456451416 
0.31644147634506226 
0.35908159613609314 
0.3690655529499054 
0.2947753369808197 
0.3529543876647949 
0.3403540551662445 
0.32349538803100586 
0.3501870632171631 
0.3613665699958801 
0.09955643117427827 
0.11469676345586778 
0.11068009585142136 
0.09126084297895432 
0.08257415145635605 
0.09277783334255217 
0.07888129353523254 
0.06846605986356735 
0.09803938120603561 
0.13810297846794128 
0.13196532428264618 
0.06020103394985199 
0.15110230445861816 
0.11034966260194778 
0.11203280836343765 
0.11883270740509033 
0.12354666739702225 
0.11583472043275833 
0.0986856147646904 
0.09460092335939407 
0.08161527663469315 
0.1328442096710205 
0.1495089828968048 
0.10850816220045088 
0.08860170841217041 
0.09876204282045364 
0.0962333083152771 
0.11012984812259674 
0.07976219058036804 
0.06365422159433365 
0.058919750154018395 
0.07427054643630981 
0.10111323744058609 
0.08957500010728836 
0.07825467735528946 
0.09223556518554688 
0.12259537726640701 
0.08408024162054062 
0.13902819156646729 
0.10593956708908081 
0.13257192075252533 
0.10549183934926988 
0.10139186680316925 
0.09180011600255968 
0.11841524392366409 
0.11158791184425353 
0.1007448062300682 
0.10128236562013626 
0.09326894581317903 
0.12883716821670532 
0.08022114634513855 
0.076492078602314 
0.11015994846820831 
0.11588605493307114 
0.0002703225763980299 
0.00020089691679459062 
0.00032073617330752313 
0.0002937209792435169 
0.00031153339659795165 
0.002122862497344613 
0.0002557738625910133 
0.0005663784686475992 
0.0001692728401394561 
0.0007477664621546865 
0.00042788093560375273 
0.0002080243284581229 
0.00031507472158409655 
0.00013888739340472966 
0.00027057656552642584 
0.00019602190877776593 
0.0002589936484582722 
0.00023710411915089935 
0.00028919641044922173 
0.0002706191153265536 
0.00031177906203083694 
0.00027150422101840377 
0.0003689719596877694 
0.0004066574911121279 
0.00015330931637436152 
0.0003788945614360273 
0.00023284347844310105 
0.00027715828036889434 
0.00016982505621854216 
0.0002905850124079734 
0.0002123887388734147 
0.00036064276355318725 
0.0006792576750740409 
0.004394995514303446 
0.00029210702632553875 
0.00037580207572318614 
0.0003248204302508384 
0.00024684719392098486 
0.0004960504011251032 
0.00023295896244235334 
0.0003807860193774104 
0.00022277337848208845 
0.0003906715428456664 
0.0004453292058315128 
0.00022969080600887537 
0.0002359536156291142 
0.0005201845779083669 
0.0006783392746001482 
0.00048800642252899706 
0.0005307632964104414 
0.00027139493613503873 
0.00027191510889679193 
0.00030345440609380603 
0.0004066901165060699 
0.00019250487093813717 
0.0007376220310106872 
0.000214931889786385 
0.0003896832349710166 
0.0002949575427919626 
0.00032622311846353114 
0.0001684310846030712 
0.00022567581618204716 
0.00022911153791937974 
0.000260285974945873 
0.00017407115956302732 
0.004842957016080618 
0.00031824022880755365 
0.00016810408851597458 
0.00034374656388536096 
0.0001769689115462825 
0.0002823087852448225 
0.0003729789168573916 
0.0002728912513703108 
0.000463224045233801 
0.00041167382732965047 
0.0002536386309657246 
0.0003367182216607034 
0.00027689256239682436 
0.00026652580709196627 
0.0009106785291805863 
0.0004412205016706139 
0.00040217611240223045 
0.00037790113128721714 
0.0008364908862859011 
0.0002152765664504841 
0.00024674535961821675 
0.0005694083520211279 
0.0005472561460919678 
0.00022745683963876215 
0.00019314154633320868 
0.0004257843247614801 
0.0002687361848074943 
0.000228964738198556 
0.0004897038452327251 
0.001291452208533883 
0.00020914537890348586 
0.0004922224907204509 
0.00022207222355064002 
0.00022315171372611078 
0.000390152184991166 
0.0006388063775375485 
0.00041862064972519875 
0.0035775459837168455 
0.00026125324075110257 
0.00023734236310701815 
0.00028345570899546146 
0.00018685946997720745 
0.00014647743955720216 
0.0003016940027009696 
0.0001914352033054456 
0.00014379368803929538 
0.0004552600148599595 
0.00021705424296669662 
0.0002471355255693197 
0.00015833147335797548 
0.0003257128410041332 
0.00034016466815955937 
0.0002567643823567778 
0.00030817638617008924 
0.0005259958561509848 
0.00033908584737218916 
0.0001822851627366617 
0.0010279945563524961 
0.0006299037486314774 
0.0002961590071208775 
0.00015212262223940343 
0.00018658267799764872 
0.000889690185431391 
0.0003264354891143739 
0.0002017927909037098 
0.00028128776466473937 
0.0002849292359314859 
0.00018834600632544607 
0.000279569358099252 
0.00047984413686208427 
0.00018415437079966068 
0.0002762587973847985 
0.00026669850922189653 
0.00017221637244801968 
0.00018862265278585255 
0.0006867515039630234 
0.00017327159002888948 
0.0002651768736541271 
0.0001569414889672771 
0.000230528850806877 
0.00014353358710650355 
0.000547452422324568 
0.0003506740613374859 
0.0005607527564279735 
0.00033224065555259585 
0.0003226650005672127 
0.00017682724865153432 
0.0002163365134038031 
0.0006672284216620028 
0.00036692380672320724 
0.0003069810045417398 
0.00032702277530916035 
0.0003205257235094905 
0.0010844473727047443 
0.00023927867005113512 
0.00022970148711465296 
0.00023551697086077183 
0.09761215001344681 
0.10454500466585159 
0.10764305293560028 
0.09379503875970842 
0.09582003206014633 
0.12754341959953308 
0.0626697987318039 
0.08983910083770752 
0.13145704567432404 
0.11537400633096694 
0.1465347856283188 
0.1491166055202484 
0.11370763182640077 
0.13588613271713257 
0.14851438999176025 
0.10658127069473265 
0.13904738426208496 
0.13850796222686768 
0.14903417229652405 
0.17422416806221008 
0.16561773419380188 
0.1249786838889122 
0.1894614398479462 
0.15960945188999176 
0.1760510504245758 
0.15317951142787933 
0.16547316312789917 
0.08498074114322662 
0.09769528359174728 
0.10593102872371675 
0.11898318678140642 
0.10901636630296709 
0.11052069813013078 
0.09753006696701048 
0.08011148869991302 
0.10389234870672227 
0.09285950660705566 
0.08488377183675766 
0.10494506359100342 
0.09773650020360945 
0.09798871725797653 
0.08653313666582108 
0.08781007677316666 
0.0966554805636406 
0.11556462198495863 
0.06340619921684265 
0.08679366856813431 
0.07872989028692245 
0.09532064944505692 
0.08585204184055328 
0.07248237729072571 
0.06447251886129379 
0.07837880402803421 
0.05840856581926345 
0.08927763253450394 
0.0965576320886612 
0.08483759313821793 
0.09370631724596024 
0.08872959762811661 
0.08504335582256317 
0.09362662583589554 
0.10152719169855118 
0.09815432876348495 
0.0886678472161293 
0.08843568712472916 
0.11956396698951721 
0.08421666920185089 
0.10480178892612457 
0.08775263279676437 
0.09009315073490143 
0.08387322723865509 
0.08835943788290024 
0.050433188676834106 
0.08248773962259293 
0.07344439625740051 
0.07423235476016998 
0.08069664984941483 
0.07819721847772598 
0.06847130507230759 
0.07097217440605164 
0.06665246933698654 
0.00014378388004843146 
0.0003724012931343168 
0.00025478863972239196 
0.0006786048179492354 
0.0005367310950532556 
0.000344581640092656 
0.00043678440852090716 
0.0002819742076098919 
0.00029778655152767897 
0.00029119758983142674 
0.0003779341350309551 
0.0002659911406226456 
0.00028554824530147016 
0.00023395173775497824 
0.000330941955326125 
0.0005390757578425109 
0.0002752014552243054 
0.0002880384272430092 
0.00018776874640025196 
0.00027312018210068345 
0.0002151022054022178 
0.00020604241581168026 
0.00023929776216391477 
0.00025155561161227524 
0.0002999012649524957 
0.00020723066700156778 
0.00013375365233514458 
0.0003495805722195655 
0.00027560151647776365 
0.00015070795780047774 
0.00021244482195470482 
0.00016298890113830566 
0.00021302506502252072 
0.0002982824807986617 
0.00030059009441174567 
0.00016923389921430498 
0.00023393896117340773 
0.00022337630798574537 
0.00021625761291943488 
0.00016993892495520413 
0.0006480094161815941 
0.0003240187943447381 
0.00027859496185556054 
0.00018720078514888883 
0.00022207941219676286 
0.00025566594558767974 
0.00022588804131373766 
0.00025857813307084143 
0.0003964242059737444 
0.0011660729069262743 
0.008388414978981018 
0.00022257522505242378 
0.0001642946299398318 
0.00025592089514248073 
0.0005929624894633889 
0.00019256352970842272 
0.00027572072576731443 
0.0005981034482829273 
0.00034795040846802294 
0.000715078494977206 
0.0002893718774430454 
0.00020900368690490725 
0.0005258691380731761 
0.0005867016152478755 
0.0007139283698052168 
0.0003487885114736855 
0.0009603057405911385 
0.00020016917551402 
0.00035226173349656165 
0.0002967184700537473 
0.00024097407003864646 
0.0002644203486852348 
0.0002132575027644634 
0.00022270112822297963 
0.000311519019305706 
0.0007920737843960523 
0.00028119178023189306 
0.00017937530355993658 
0.00021042375010438263 
0.00032544758869335055 
0.0002708359097596258 
0.00020067376317456365 
0.00020933739142492414 
0.00047654978698119527 
0.0006905471673235297 
0.0003026521299034357 
0.00038210157072171574 
0.000258160347584635 
0.00033769270521588624 
0.0005188098293729126 
0.00015757311484776437 
0.00025679534883238375 
0.0002806871198117733 
0.0001449012488592416 
0.00022057956084609034 
0.00020337519526947292 
0.00044795914436690504 
0.00019403577607590705 
0.00045943036093376577 
0.0001921304501593113 
0.0014921738766133785 
0.0002565938630141318 
0.0017995756352320313 
0.00023808357946109027 
0.00033605052158236504 
0.00034906811197288334 
0.0012797059025615454 
0.00040950917173177004 
0.0004149407031945885 
0.00027394277276471257 
0.0002585044130682945 
0.0005507770692929626 
0.00025783199816942215 
0.0002009044255828485 
0.00028691120678558946 
0.00020970145124010742 
0.0002105259336531162 
0.00039259635377675295 
0.0003255915071349591 
0.00023062562104314568 
0.00028834582190029323 
0.00030230500851757824 
0.0002525141171645373 
0.00015285759582184255 
0.00039297217153944075 
0.0004242459253873676 
0.00012141712795710191 
0.00019967365369666368 
0.00015625322703272104 
0.00021072520758025348 
0.0005349899875000119 
0.00023770429834257814 
0.00026488295407034457 
0.00028268774622119963 
0.00031753204530104995 
0.0004136644129175693 
0.00022123398957774043 
0.00040582416113466024 
0.00013926488463766873 
0.0003786308516282588 
0.00017070991452783346 
0.00020971603225916621 
0.000493796484079212 
0.00030885569867677987 
0.0005757257458753884 
0.0001540997182019055 
0.00029129613540135324 
0.0008647586801089346 
0.00013693649088963866 
0.0012697362108156085 
0.0003542144841048866 
0.00019612984033301473 
0.00021677037875633687 
0.00022438802989199758 
0.00040566871757619083 
0.00019211441394872963 
0.00021470723731908947 
0.0003990703553427011 
0.00027650684933178127 
0.00018752276082523167 
0.0001578852825332433 
0.00022408562654163688 
0.3145460784435272 
0.33910295367240906 
0.3476712703704834 
0.3816209137439728 
0.3820301592350006 
0.37989339232444763 
0.22672559320926666 
0.21421916782855985 
0.19855354726314542 
0.1790795624256134 
0.15179067850112915 
0.16873818635940552 
0.20788046717643738 
0.22657105326652527 
0.2166597843170166 
0.27097755670547485 
0.2559516429901123 
0.26913511753082275 
0.1820354014635086 
0.15351730585098267 
0.17575658857822418 
0.25072532892227173 
0.1958305686712265 
0.21573549509048462 
0.22937962412834165 
0.24984963238239288 
0.24339261651039124 
0.0003717112704180181 
0.0004890165873803198 
0.00015878329577390105 
0.00016330801008734852 
0.0030400888063013554 
0.0002706036320887506 
0.0007622728589922189 
0.00035570270847529173 
0.00032046902924776077 
0.0001731071824906394 
0.0002457507362123579 
0.000347494293237105 
0.0003866238985210657 
0.00019428676750976592 
0.00036842122790403664 
0.00037350881029851735 
0.00014218741853255779 
0.0005417719366960227 
0.00021460904099512843 
0.00022187743161339313 
0.00018873556109610945 
0.00016826821956783533 
0.00041947647696360946 
0.00017120777920354158 
0.0003446176997385919 
0.00020923081319779158 
0.00029709760565310717 
0.00022521197388414294 
0.0001421315100742504 
0.00020627645426429808 
0.00023706349020358175 
0.0002176229754695669 
0.00021860621927771717 
0.0003343694843351841 
0.0004934896132908762 
0.00020918127847835422 
0.00021697828196920457 
0.0002038862439803779 
0.001180467545054853 
0.00021676618780475113 
0.00025844809715636075 
0.0003913418622687459 
0.0003180553612764925 
0.0005505441222339869 
0.00032538422965444624 
0.0002140521828550845 
0.0002708270330913365 
0.0001917624031193554 
0.00019039897597394884 
0.00032756879227235913 
0.0002631251700222492 
0.00024163484340533614 
0.0001836818119045347 
0.0003934892010875046 
0.3032388389110565 
0.2949361205101013 
0.28540268540382385 
0.3027348816394806 
0.3324912488460541 
0.3195972740650177 
0.051482312381267555 
0.05061544105410575 
0.05435486137866974 
0.15774793922901154 
0.1772412806749344 
0.19092336297035217 
0.20553769171237946 
0.21387952566146853 
0.22916676104068756 
0.30924665927886963 
0.29206550121307373 
0.2870580554008484 
0.15377600491046906 
0.21481922268867493 
0.1840636432170868 
0.22628967463970184 
0.21271090209484103 
0.23966343700885775 
0.25527796149253845 
0.2713981866836548 
0.2534805238246918 
0.0001749692892190069 
0.00019033119315281508 
0.00025633329642005265 
0.00022841058671474457 
0.00023198594863060865 
0.00014160657883621752 
0.00013816948921885341 
0.00020650093210861084 
0.0002830739540513605 
0.00029645769973285496 
0.0006776319933123887 
0.00031087451498024166 
0.00017128772742580622 
0.00018679992354009303 
0.0005291474517434835 
0.00020551974012050778 
0.0002681819605641067 
0.0002146671322407201 
0.0002797722117975354 
0.00020588362531270832 
0.0002417059877188876 
0.0001753896358422935 
0.0005544601008296013 
0.00039101182483136654 
0.00016101256187539548 
0.0003210781142115593 
0.00038294921978376806 
0.0002034557837760076 
0.00022202402760740372 
0.0002880985557567328 
0.000860913482028991 
0.0005632748361676931 
0.000284875015495345 
0.00014629523502662778 
0.0004994364571757615 
0.0032443306408822536 
0.00031488569220528007 
0.0001799854071578011 
0.00016161281382665038 
0.0002646645007189363 
0.0001821592159103602 
0.00020973711798433217 
0.0005774588789790869 
0.0002281680062878877 
0.0004697434778790921 
0.00017462136747781187 
0.00024167177616618576 
0.00030941315344534814 
0.00017183736781589687 
0.00015711141168139875 
0.0007531529408879578 
0.0017817863263189793 
0.00019974750466644767 
0.0003105367359239608 
0.047736167907714844 
0.0478268526494503 
0.05047256872057915 
0.019975600764155388 
0.028011465445160862 
0.04061884433031082 
7.082308729877695e-05 
6.856343679828569e-05 
7.746965275146067e-05 
0.00788791012018919 
0.008517964743077755 
0.0070480136200785646 
0.0011001594830304384 
0.0006632979493588209 
0.0017077421071007848 
0.00011527743481565265 
0.0002130686916643754 
0.0005540227866731584 
0.007852009497582912 
0.0196011271327734 
0.005139168817549944 
0.00024026306346058848 
0.0002959470439236611 
0.0006592695717699826 
0.00034384048194624484 
0.00015289899602066725 
0.0003405573370400816 
0.000255975523032248 
0.00043534018914215267 
0.0001683917798800394 
0.0002737515314947814 
0.00021459213166963306 
0.00018917508714366704 
0.00026130079641006887 
0.0006796222296543419 
0.00013590784510597587 
0.00016397002036683261 
0.000259754917351529 
0.000766750774346292 
0.00024765048874542117 
0.00015891579096205533 
0.0007938741473481059 
0.0002825301780831069 
0.0002360051585128531 
0.00014502053090836853 
0.00018763395200949162 
0.00016172821051441133 
0.00016817107098177075 
0.0003382214345037937 
0.00031317840330302715 
0.00020780472550541162 
0.00015654128219466656 
0.00018982923938892782 
0.00024386566656176 
0.000251923716859892 
0.0003582766221370548 
0.00040054184501059353 
0.0002005251735681668 
0.00023893687466625124 
0.000239044355112128 
0.0005526819732040167 
0.00022987206466495988 
0.0009473537793383001 
0.00019801923190243542 
0.00020975849474780262 
0.00021874358935747296 
0.00020849941938649863 
0.00021283546811901033 
0.000252756493864581 
0.00028582668164744973 
0.0001588248705957085 
0.00019731363863684237 
0.00016960308130364865 
0.00017917010700330138 
0.0003239568031858653 
0.000271685014013201 
0.0005178505089133978 
0.00013237728853709996 
0.0005401387461461127 
0.00017783376097213477 
0.0005022257100790739 
0.10811487585306166 
0.09181276708841325 
0.11542248725891113 
0.1312105506658554 
0.15952441096305847 
0.12397919595241547 
0.19191183149814606 
0.18869496881961823 
0.1517542153596878 
0.10667267441749573 
0.11025385558605194 
0.06448912620544434 
0.11103876680135727 
0.09409939497709274 
0.10932426154613495 
0.18769270181655884 
0.16585880517959595 
0.174499049782753 
0.08193527907133102 
0.06844357401132584 
0.07845842838287354 
0.12050782889127731 
0.10535463690757751 
0.09367244690656662 
0.15552569925785065 
0.15151041746139526 
0.11380975693464279 
0.0003564450307749212 
0.00022389154764823613 
0.00020870924345217645 
0.0002915836521424353 
0.00048670577234588563 
0.00028054494759999216 
0.00031696472433395684 
0.00251113623380661 
0.0009210102725774049 
0.00020444620167836547 
0.00030800874810665846 
0.00083692348562181 
0.0002895249635912478 
0.0002110867062583566 
0.00025019742315635085 
0.0005500892293639481 
0.0011312818387523293 
0.00033630942925810814 
0.00017566040332894772 
0.0002984621387440711 
0.00021517886489164084 
0.0004901288775727153 
0.00035717611899599433 
0.0002230345708085224 
0.0003237980417907238 
0.0004189839819446206 
0.0006646797410212457 
0.0004683507140725851 
0.0005992352962493896 
0.005095150787383318 
0.00024425744777545333 
0.00016106152907013893 
0.00020881360978819433 
0.00014628130884375423 
0.002089896472170949 
0.0002249101671623066 
0.0009728838340379299 
0.00020497990772128105 
0.0018093523103743792 
0.0007948946440592408 
0.00012680143117904663 
0.0002315442688995972 
0.0004156662034802139 
0.001604500925168395 
0.00018338851805310696 
0.0002237558364868164 
0.00028745841700583696 
0.00023407494882121685 
0.0005120976711623371 
0.00030381203396245837 
0.0003700616071000695 
0.0001875641755759716 
0.00015455578977707773 
0.0004950114525854588 
0.1231909990310669 
0.1399587243795395 
0.143191859126091 
0.1671653687953949 
0.18805694580078128 
0.13546767830848694 
0.20189006626605988 
0.18502584099769592 
0.20833922922611237 
0.08229842036962509 
0.07721912115812302 
0.11832022666931152 
0.14648790657520294 
0.11564967781305313 
0.12240447103977205 
0.16273759305477142 
0.15737059712409973 
0.1586860716342926 
0.11288885027170181 
0.10116296261548997 
0.09402577579021454 
0.11424180120229721 
0.12157052755355835 
0.13471876084804535 
0.15446464717388153 
0.13680395483970642 
0.12931005656719208 
0.0004156075592618435 
0.00016413650882896036 
0.0003766485315281898 
0.0003848799970000983 
0.0007603238918818533 
0.0003071333048865199 
0.00024755712365731597 
0.0002544693707022816 
0.00032222954905591905 
0.00042435209616087377 
0.0009302489925175906 
0.00025570581783540547 
0.00026655520196072757 
0.00027739160577766597 
0.00023774927831254902 
0.0009639066993258892 
0.00044515528134070337 
0.00024079425202216956 
0.0002449425228405744 
0.0008949318435043095 
0.0004756772832479328 
0.00026363672805018723 
0.0001951115991687402 
0.0003308307204861194 
0.000183814627234824 
0.00034670205786824226 
0.00038874868187122047 
0.0003441965382080525 
0.00042909025796689093 
0.00018773190095089376 
0.0006277209031395614 
0.00031102646607905626 
0.0002027130249189213 
0.00034590676659718156 
0.0002779214992187917 
0.00027524412143975496 
0.0001570340828038752 
0.00021534130792133507 
0.0004916501347906888 
0.0003378406981937587 
0.00017281019245274365 
0.00025994519819505513 
0.0002521096321288496 
0.0004178845847491175 
0.00016006233636289835 
0.00016360150766558945 
0.0003459166327957064 
0.0003694630868267268 
0.00021872343495488167 
0.0004327945061959326 
0.0007510618888773024 
0.0004099806828889996 
0.00026557446108199656 
0.00015025846369098872 
0.10876241326332092 
0.13674260675907135 
0.10759937018156052 
0.17784391343593597 
0.13804271817207336 
0.17055852711200714 
0.18436045944690704 
0.1946766972541809 
0.18915052711963654 
0.09831474721431731 
0.11099874973297119 
0.10721822082996368 
0.13614290952682495 
0.12300213426351549 
0.1495428830385208 
0.12448734790086746 
0.1259755939245224 
0.13163602352142334 
0.1052045077085495 
0.07139814645051956 
0.0886731967329979 
0.12469466030597688 
0.13930058479309082 
0.10574060678482056 
0.13143107295036316 
0.11431678384542465 
0.1258799284696579 
0.00014461005048360676 
0.0003380517882760614 
0.0007881453493610024 
0.0004969030269421637 
0.00017851458687800914 
0.0002429882442811504 
0.0005233216215856373 
0.00016775906260591 
0.00019460124894976619 
0.00028216541977599263 
0.00038424704689532513 
0.00022376139531843362 
0.0005680730100721121 
0.00022296934912446884 
0.0007563177496194838 
0.0003796383389271796 
0.0002607588830869645 
0.00039169157389551396 
0.00023910227173473683 
0.00038908785791136324 
0.00019529151904862374 
0.0003839527780655771 
0.00022997909400146457 
0.00018887715123128146 
0.00038672608206979936 
0.0003554761642590165 
0.0002566850744187832 
0.00028641067910939455 
0.00026667851489037275 
0.00031563517404720187 
0.0003655633481685072 
0.000532140547875315 
0.00047867448301985854 
0.00014107067545410246 
0.00035780874895863235 
0.0002788352721836418 
0.001294830348342657 
0.0004290274519007653 
0.0001347563520539552 
0.00039119136636145413 
0.0003937949077226222 
0.0002765483222901821 
0.00014129863120615482 
0.00028752931393682957 
0.00040599345811642706 
0.0002682693302631378 
0.0001664313895162195 
0.00028914923314005136 
0.00025216685025952756 
0.00015233238809742033 
0.0001937803317559883 
0.00019584514666348698 
0.000150291743921116 
0.0001399026223225519 
