0.3155291974544525 
0.05091805383563042 
0.308032363653183 
0.33691319823265076 
0.05209389328956603 
0.22566500306129456 
0.3939658105373383 
0.2896912395954132 
0.6086981296539307 
0.2295180857181549 
0.2636062204837799 
0.3246677815914154 
0.4013612270355224 
0.6105494499206543 
0.23428989946842194 
0.24672873318195343 
0.34292078018188477 
0.3807470500469208 
0.6178629994392395 
0.2565694749355316 
0.2320699542760849 
0.31900379061698914 
0.48471868038177485 
0.625952422618866 
0.23874792456626892 
0.2703307271003723 
0.31654438376426697 
0.4810304641723632 
0.613645613193512 
0.330630362033844 
0.20444388687610626 
0.47934988141059875 
0.621403157711029 
0.28272420167922974 
0.21860668063163757 
0.3310651481151581 
0.533939778804779 
0.18534818291664124 
0.3508688807487488 
0.2338608056306839 
0.0485132411122322 
0.2837027907371521 
0.05211704596877098 
0.05500028282403946 
0.053034756332635886 
0.049885671585798264 
0.04910191521048546 
0.3093225359916687 
0.048720650374889374 
0.055504798889160156 
0.05814099311828613 
0.3675233721733093 
0.04839370772242546 
0.05073375254869461 
0.05122812092304229 
0.3109353184700012 
0.05558628961443902 
0.30944696068763733 
0.32216396927833557 
0.30588117241859436 
0.05279437452554703 
0.05814358219504356 
0.05077485367655754 
0.04772429168224335 
0.05447283759713173 
0.3798902928829193 
0.3496975600719452 
0.05627736449241639 
0.30597785115242004 
0.058723736554384225 
0.061631191521883004 
0.3335055708885193 
0.0632450133562088 
0.05548731610178948 
0.05017819628119469 
0.3602173924446106 
0.28456321358680725 
0.05074847489595413 
0.05433771386742592 
0.289003849029541 
0.0536317303776741 
0.05425377935171127 
0.3433840274810791 
0.053980752825737 
0.054658662527799606 
0.3155914843082428 
0.347314715385437 
0.05864599347114564 
0.05373767763376236 
0.05742127448320389 
0.05278918147087097 
0.05381188541650772 
0.16238665580749512 
0.20830728113651276 
0.2823011875152588 
0.35135138034820557 
0.5254999399185181 
0.050895463675260544 
0.2257955372333527 
0.05327942967414855 
0.05317020043730736 
0.14587506651878357 
0.05552719533443451 
0.32140856981277466 
0.28322872519493103 
0.40617725253105164 
0.25103119015693665 
0.5281283259391785 
0.4140949547290802 
0.04763566702604294 
0.35741108655929565 
0.22413860261440277 
0.4068099260330201 
0.35605108737945557 
0.05218964070081711 
0.3152920603752136 
0.3776020407676697 
0.3975633978843689 
0.22621561586856842 
0.37820565700531006 
0.4211224019527435 
0.04948075860738754 
0.05127708241343498 
0.27991488575935364 
0.45340943336486816 
0.3899078965187073 
0.3614402413368225 
0.245014950633049 
0.05308043584227562 
0.4526196420192718 
0.050383910536766045 
0.42508125305175787 
0.049975164234638214 
0.34734559059143066 
0.3222311735153198 
0.28376808762550354 
0.19686584174633026 
0.4938285946846009 
0.05124548077583313 
0.36880129575729376 
0.04930109158158302 
0.053695421665906906 
0.323861688375473 
0.31655153632164 
0.05247525498270989 
0.47932660579681396 
0.30110055208206177 
0.05917353928089142 
0.04817744717001915 
0.21623054146766663 
0.056425705552101135 
0.3312153220176697 
0.06103721261024475 
0.33010178804397583 
0.05438639596104622 
0.40257713198661804 
0.05417198687791824 
0.3103732764720917 
0.05358006805181503 
0.3274883031845093 
0.4857946932315826 
0.4116646051406861 
0.3180389404296875 
0.054220635443925864 
0.3853655159473419 
0.23297047615051267 
0.4119964241981506 
0.05901790410280228 
0.3438866138458252 
0.05439692735671997 
0.055428128689527505 
0.3863655030727386 
0.053614865988492966 
0.4105835258960724 
0.3238869309425354 
0.05424958094954491 
0.3697502911090851 
0.3752138614654541 
0.39820146560668945 
0.32690152525901794 
0.05294361338019371 
0.45538821816444397 
0.4107533991336822 
0.33519604802131653 
0.06353283673524857 
0.057784732431173325 
0.20462241768836975 
0.45940321683883667 
0.05215057358145714 
0.32138586044311523 
0.04863446578383446 
0.45843693614006037 
0.31651878356933594 
0.056088250130414956 
0.32804784178733826 
0.045468300580978394 
0.34295958280563354 
0.04862739145755768 
0.06228731945157051 
0.2742536962032318 
0.05342622101306915 
0.21418164670467377 
0.3016570210456848 
0.5114468336105347 
0.05113133788108826 
0.05035219341516495 
0.28812307119369507 
0.048959020525217056 
0.05527821555733681 
0.3099663555622101 
0.04990360885858536 
0.05168747156858444 
0.3228604793548584 
0.05128847062587738 
0.04627113416790962 
0.048965875059366226 
0.05271413177251816 
0.2884330153465271 
0.05630613490939141 
0.5163437128067017 
0.05112640932202339 
0.04900706931948662 
0.24005475640296933 
0.2963418960571289 
0.05210397019982338 
0.33847060799598694 
0.054701488465070724 
0.3076489567756653 
0.05061938986182213 
0.050153326243162155 
0.057603634893894196 
0.05468761920928955 
0.4593463540077209 
0.26646989583969116 
0.05575891211628914 
0.33148193359375 
0.05520504340529442 
0.05075341463088989 
0.3093067705631256 
0.05235465615987778 
0.05384953692555428 
0.053497735410928726 
0.2045549899339676 
0.05188192054629326 
0.30591922998428345 
0.0553409568965435 
0.049414519220590584 
0.050044145435094826 
0.054644245654344566 
0.0531216450035572 
0.055854883044958115 
0.046686381101608276 
0.052646495401859277 
0.26996633410453796 
0.05215403810143471 
0.21714150905609128 
0.04775627702474594 
0.05146292969584465 
0.051162056624889374 
0.345004141330719 
0.05362806096673012 
0.05207376927137374 
0.053944606333971024 
0.2802155315876007 
0.05601097643375397 
0.2355676293373108 
0.05216385051608086 
0.2187437117099762 
0.23036430776119235 
0.04960770532488823 
0.23291392624378204 
0.21521136164665225 
0.05015800893306732 
0.052789680659770966 
0.22783535718917847 
0.2878234088420868 
0.23853363096714017 
0.21279893815517426 
0.05259859561920166 
0.23022529482841494 
0.05816875025629997 
0.05078537389636039 
0.25558289885520935 
0.05153726413846016 
0.05870484188199043 
0.04667600989341735 
0.29096585512161255 
0.04876098036766052 
0.0536031611263752 
0.258221298456192 
0.18969547748565674 
0.04753350093960762 
0.05604519695043564 
0.050683099776506424 
0.050827141851186745 
0.04973086342215539 
0.054034970700740814 
0.21212828159332275 
0.05202727764844894 
0.04905259981751442 
0.2751286029815674 
0.047444075345993035 
0.049967937171459205 
0.05084814131259918 
0.2232985496520996 
0.05383133143186569 
0.056181147694587714 
0.048314999788999564 
0.05531274899840355 
0.055280741304159164 
0.06180954724550247 
0.31793075799942017 
0.21071964502334595 
0.057305101305246346 
0.2961918115615845 
0.0549154058098793 
0.052914705127477646 
0.051050227135419846 
0.22060643136501312 
0.050889741629362106 
0.054468076676130295 
0.047670356929302216 
0.25489652156829834 
0.05183786526322365 
0.22022390365600583 
0.055553700774908066 
0.04940818250179291 
0.056525029242038734 
0.2011840790510178 
0.052028849720954895 
0.29046449065208435 
0.05895686149597167 
0.045377567410469055 
0.34171709418296814 
0.05493537709116936 
0.04863956198096275 
0.21193987131118774 
0.05261555686593056 
0.052245259284973145 
0.05437974631786347 
0.31541839241981506 
0.05417059361934662 
0.057728618383407586 
0.21833151578903198 
0.057397153228521354 
0.057493008673191064 
0.05307082086801529 
0.32078003883361816 
0.05242874845862388 
0.05655762925744057 
0.05232479423284531 
0.3273664712905884 
0.055963743478059776 
0.05341139063239098 
0.04892956092953682 
0.05071491748094559 
0.3402455747127533 
0.05364212766289711 
0.05286012962460517 
0.05005589500069619 
0.05990147590637207 
0.3044944405555725 
0.30347639322280884 
0.05875228345394135 
0.047314319759607315 
0.20720209181308746 
0.05456545948982239 
0.055064920336008065 
0.04891745746135712 
0.33295390009880066 
0.05569057539105416 
0.05492924898862839 
0.05431590974330902 
0.050559304654598236 
0.3381132185459137 
0.056107468903064735 
0.05769638717174529 
0.05236358195543289 
0.3340861201286316 
0.05351878702640534 
0.05770105496048927 
0.05274090543389321 
0.19961522519588468 
0.0570254772901535 
0.2939038872718811 
0.05713759362697601 
0.05067257583141327 
0.05519880726933479 
0.33281269669532776 
0.056785982102155685 
0.3191225528717041 
0.29122599959373474 
0.055338434875011444 
0.04904869943857194 
0.051026470959186554 
0.28244391083717346 
0.048693399876356125 
0.2044730633497238 
0.0520724095404148 
0.0508628897368908 
0.3087954521179199 
0.059410370886325836 
0.3050955533981323 
0.04959810525178909 
0.05085897073149681 
0.054275080561637885 
0.05066561698913574 
0.2977839410305023 
0.052205502986907966 
0.05756473168730736 
0.04836089909076691 
0.30840060114860535 
0.05937151983380317 
0.05481461808085442 
0.1988593190908432 
0.054826937615871436 
0.051528897136449814 
0.05064260587096214 
0.05309643596410751 
0.3534224331378937 
0.2724063992500305 
0.05211276188492776 
0.04799119010567665 
0.05236964300274849 
0.052413556724786765 
0.306812047958374 
0.3021089434623718 
0.05750633403658866 
0.053213421255350106 
0.052119966596364975 
0.30426251888275146 
0.30283644795417786 
0.056314617395400994 
0.05459471046924591 
0.0493655540049076 
0.21446628868579862 
0.05816377326846123 
0.33203592896461487 
0.05324849486351013 
0.051185186952352524 
0.04946928843855858 
0.06568047404289246 
0.2877356708049774 
0.047266941517591476 
0.053631942719221115 
0.05562414228916168 
0.052072081714868546 
0.05289732292294502 
0.27969732880592346 
0.3203163146972656 
0.05239313840866088 
0.05140216648578644 
0.05557072162628174 
0.04696211218833923 
0.05469381809234619 
0.056295145303010934 
0.3491554856300354 
0.057662900537252426 
0.05056361109018326 
0.05350175127387047 
0.20513930916786194 
0.05574926733970642 
0.32044923305511475 
0.0578710213303566 
0.05318601429462432 
0.28998517990112305 
0.3138903081417084 
0.051849063485860825 
0.05375860258936882 
0.05464482307434082 
0.3515979051589966 
0.05579866841435433 
0.04543953761458397 
0.18404342234134674 
0.053201816976070404 
0.05331185832619667 
0.30022257566452026 
0.2807096242904663 
0.051904294639825814 
0.053030308336019516 
0.05422532185912132 
0.0535595640540123 
0.05910172685980797 
0.2631615400314331 
0.05128791183233261 
0.20017637312412265 
0.049218803644180305 
0.047609515488147736 
0.2851984202861786 
0.05391596630215644 
0.05653464049100876 
0.06158348545432091 
0.05626016855239869 
0.051375433802604675 
0.05449430644512176 
0.27974653244018555 
0.04750959575176239 
0.3097965717315674 
0.047215718775987625 
0.056558124721050256 
0.19929161667823792 
0.05243439972400665 
0.214295893907547 
0.05338210240006447 
0.23595353960990906 
0.04778430610895157 
0.05863378942012787 
0.24846599996089935 
0.22666043043136594 
0.30883827805519104 
0.04985104873776436 
0.05785256996750832 
0.050763089209795 
0.22042749822139743 
0.2865818738937378 
0.05335889384150505 
0.22563865780830386 
0.21821768581867218 
0.2268683910369873 
0.2394697517156601 
0.05434330180287361 
0.19395874440670013 
0.29444509744644165 
0.04967973753809929 
0.26349741220474243 
0.20490895211696622 
0.04983232542872429 
0.30083000659942627 
0.21206864714622498 
0.04973490163683891 
0.2540855407714844 
0.06386514008045197 
0.1855616420507431 
0.2773744463920593 
0.059039391577243805 
0.29156506061553955 
0.20560823380947116 
0.05893528088927268 
0.0511401817202568 
0.058744050562381744 
0.30095216631889343 
0.06264989823102951 
0.04921555891633034 
0.05288903787732124 
0.22301749885082248 
0.05748300999403 
0.05584492534399032 
0.05874019488692284 
0.30083680152893066 
0.05348387733101845 
0.18243557214736938 
0.04881741851568222 
0.0550852045416832 
0.055555105209350586 
0.053131382912397385 
0.053958300501108176 
0.2273666262626648 
0.05164069309830666 
0.05463481321930885 
0.05121593177318574 
0.05153874680399895 
0.05247579887509346 
0.2308150976896286 
0.054560139775276184 
0.2742473781108856 
0.052510913461446755 
0.05809643119573593 
0.05781369283795356 
0.053160957992076874 
0.18560872972011566 
0.054220814257860184 
0.05435432866215706 
0.05664336308836937 
0.053404927253723145 
0.27182188630104065 
0.05497900769114494 
0.19761869311332703 
0.05109230428934097 
0.05546925589442253 
0.05223950743675232 
0.6287352442741394 
0.05310796573758125 
0.40966773033142084 
0.6271370053291321 
0.05050140619277954 
0.38525816798210144 
0.2026561051607132 
0.6277657747268677 
0.05192770063877106 
0.4172965288162231 
0.2876436114311218 
0.05313386395573616 
0.6182945966720581 
0.19518432021141052 
0.46689796447753906 
0.05061256140470505 
0.6231138706207275 
0.47946408390998846 
0.2764478325843811 
0.2020440399646759 
0.05774720013141633 
0.6228839755058289 
0.4800647497177124 
0.054278977215290077 
0.1950821727514267 
0.2870827913284302 
0.15938341617584229 
0.049028947949409485 
0.5147312879562378 
0.20496831834316254 
0.05437689647078515 
0.28198692202568054 
0.19331905245780945 
0.1663326621055603 
0.5028524994850159 
0.05215071514248848 
0.2199297845363617 
0.26840466260910034 
0.05034526064991951 
0.059730809181928635 
0.05239387229084969 
0.15083864331245422 
0.05282286554574966 
0.49576875567436224 
0.05591288208961487 
0.4424350559711457 
0.056971907615661614 
0.3583173453807831 
0.05345273017883301 
0.054291099309921265 
0.05447359383106232 
0.42958593368530273 
0.05495509132742882 
0.3713015019893646 
0.054309505969285965 
0.29458776116371155 
0.43012446165084844 
0.37015143036842346 
0.052676551043987274 
0.051789779216051095 
0.05490486323833466 
0.44842997193336487 
0.4503835141658783 
0.055958144366741173 
0.059004537761211395 
0.05384579300880432 
0.05112912505865097 
0.42735540866851807 
0.29724758863449097 
0.45255631208419805 
0.0502811074256897 
0.3022988438606262 
0.048659879714250565 
0.0505049042403698 
0.316912442445755 
0.4276194572448731 
0.05022356659173966 
0.40508902072906494 
0.357050359249115 
0.047798026353120804 
0.05626786500215531 
0.32473519444465637 
0.06359878182411194 
0.05013631656765938 
0.32599419355392456 
0.05650923401117325 
0.3373754918575287 
0.05685114860534668 
0.05308870598673821 
0.3264016807079315 
0.36586323380470276 
0.053115446120500565 
0.4682782292366028 
0.3283125162124634 
0.05668162181973458 
0.04944045469164848 
0.34879812598228455 
0.051714800298213966 
0.05354120209813118 
0.29337039589881897 
0.05154650658369064 
0.36169353127479553 
0.4807290732860566 
0.050840605050325394 
0.28980714082717896 
0.052869033068418496 
0.30573737621307373 
0.05185794457793236 
0.3622090518474579 
0.05364730954170228 
0.4882899820804596 
0.41065874695777893 
0.0477319061756134 
0.2792408764362335 
0.36282727122306824 
0.06092076376080513 
0.40604111552238464 
0.3583396375179291 
0.05391133949160576 
0.0528714433312416 
0.40487566590309143 
0.3735000491142273 
0.3041238486766815 
0.06240119040012359 
0.05646649748086929 
0.44528207182884216 
0.43290573358535767 
0.32289355993270874 
0.060208410024642944 
0.049245432019233704 
0.060184072703123086 
0.4264755249023437 
0.06012377142906189 
0.4475835561752319 
0.27203169465065 
0.0528465211391449 
0.0501595102250576 
0.05413031578063965 
0.4246240556240081 
0.4455645084381104 
0.30754128098487854 
0.05300140380859374 
0.05361778661608696 
0.05122788995504379 
0.2974819242954254 
0.05540654063224793 
0.05529343709349632 
0.05059235915541649 
0.35845541954040533 
0.4910342395305634 
0.0569637157022953 
0.056817181408405304 
0.05691291019320489 
0.27694183588027954 
0.05035109817981719 
0.055943455547094345 
0.33110901713371277 
0.47999671101570135 
0.05182189866900444 
0.057910371571779244 
0.27259451150894165 
0.05986022949218749 
0.04829572141170502 
0.04948337748646736 
0.06008448079228401 
0.052738089114427567 
0.3398527204990387 
0.4818349480628968 
0.05751173198223113 
0.05042746663093567 
0.05440156906843185 
0.057766910642385476 
0.051241371780633926 
0.05280295759439469 
0.051098864525556564 
0.04838348180055618 
0.05593176558613777 
0.05022151023149491 
0.3038911521434784 
0.05286164581775665 
0.0599285364151001 
0.059223443269729614 
0.05177889391779899 
0.05451226606965066 
0.05668104439973832 
0.053531479090452194 
0.04962942004203797 
0.04542400687932968 
0.27911657094955444 
0.05053427815437317 
0.0551016628742218 
0.05142021179199219 
0.053795017302036285 
0.04830218851566315 
0.05242118239402771 
0.055503759533166885 
0.05186322703957557 
0.2808278501033783 
0.05963560193777084 
0.050561927258968346 
0.05800202861428261 
0.047493275254964835 
0.05150557681918144 
0.2889728248119354 
0.052258431911468506 
0.05401380732655525 
0.055059369653463364 
0.050509579479694366 
0.05082891508936882 
0.05873139575123787 
0.04836374893784523 
0.05356724187731743 
0.05483680963516235 
0.2789221405982971 
0.048362843692302704 
0.04840203747153282 
0.060141559690237045 
0.054553162306547165 
0.04739857092499733 
0.059184785932302475 
0.05484342202544212 
0.052156444638967514 
0.05525892972946167 
0.058599818497896194 
0.277773916721344 
0.05176898092031479 
0.05530881136655808 
0.06012441590428353 
0.04999791085720062 
0.050550639629364014 
0.060723386704921715 
0.05331368744373321 
0.05568075180053711 
0.04716096073389053 
0.05292717367410659 
0.30090779066085815 
0.05450981482863426 
0.05087808892130851 
0.052265066653490067 
0.053350191563367844 
0.05599351227283478 
0.058873638510704034 
0.04725644737482071 
0.05135012045502662 
0.05374674871563911 
0.05156884342432022 
0.05151684582233429 
0.056934386491775506 
0.05944046378135682 
0.05492013320326805 
0.05276662856340408 
0.05930431932210922 
0.05448542907834053 
0.04959797114133835 
0.052816569805145264 
0.05073940381407738 
0.05266143009066581 
0.059820353984832764 
0.054996591061353683 
0.04840204492211342 
0.05158211663365364 
0.05070264637470245 
0.05224271491169929 
0.055415499955415726 
0.0533958524465561 
0.053494829684495926 
0.05807201564311981 
0.060382284224033356 
0.05011245980858803 
0.057085540145635605 
0.05097241327166557 
0.04979318380355836 
0.06111197918653488 
0.05596001446247101 
0.04771694168448448 
0.055231623351573944 
0.05310903117060661 
0.05840028449892998 
0.0514603890478611 
0.04954071715474129 
0.05501464009284973 
0.05014381557703018 
0.05223809927701951 
0.052982430905103683 
0.05615273118019103 
0.052123624831438065 
0.056562077254056924 
0.054591160267591476 
0.05437980964779854 
0.051881030201911926 
0.05406456068158149 
0.056802008301019676 
0.05276946723461151 
0.052909545600414276 
0.05167591199278831 
0.053974531590938575 
0.053803950548172 
0.05258175730705261 
0.05146687477827072 
0.05236792191863061 
0.05524210259318352 
0.05887863039970398 
0.05022701993584633 
0.0545923113822937 
0.058254458010196686 
0.06096358597278595 
0.2672499716281891 
0.2814776301383972 
0.053031135350465775 
0.26723557710647583 
0.05367640405893326 
0.05102367699146271 
0.29679441452026367 
0.05637723207473754 
0.05103691667318344 
0.3100931644439697 
0.2981259524822235 
0.05279508978128433 
0.04950209707021713 
0.31935563683509827 
0.0565018393099308 
0.059352125972509384 
0.05201012268662453 
0.054621417075395584 
0.31687435507774353 
0.05265321955084801 
0.054441649466753006 
0.054360780864953995 
0.051582835614681244 
0.3057062029838562 
0.24232672154903412 
0.24979278445243838 
0.052769921720027924 
0.2612646520137787 
0.054054658859968185 
0.2673775553703308 
0.051121436059474945 
0.2757280170917511 
0.05249701812863349 
0.05486567318439483 
0.05987580120563507 
0.283876895904541 
0.05292924493551254 
0.04947539046406746 
0.0560850128531456 
0.05437733978033066 
0.29126012325286865 
0.05346064642071723 
0.04823003336787224 
0.05313609912991523 
0.05880680680274964 
0.051212407648563385 
0.053408101201057434 
0.054399546235799796 
0.05672648549079895 
0.05711560323834419 
0.28459349274635315 
0.05189218372106552 
0.06253250688314438 
0.059608738869428635 
0.29651588201522827 
0.25874483585357666 
0.2589528560638428 
0.056207142770290375 
0.26204752922058105 
0.05525774508714676 
0.29341673851013184 
0.05025133490562439 
0.2705736458301544 
0.05272049084305763 
0.05423139780759812 
0.2809089720249176 
0.055648475885391235 
0.058684274554252625 
0.05901014804840088 
0.05013971030712128 
0.0581694282591343 
0.29150390625 
0.048908382654190063 
0.05723118409514427 
0.05148850381374359 
0.059058837592601776 
0.29398322105407715 
0.05101831257343292 
0.04955575987696647 
0.2857933044433594 
0.05120786651968956 
0.053305815905332565 
0.055450323969125755 
0.053169477730989456 
0.05037880688905716 
0.055573225021362305 
0.05351365730166435 
0.051357924938201904 
0.05351151525974274 
0.054269056767225266 
0.0502145029604435 
0.05107460543513298 
0.05519712716341019 
0.052997488528490067 
0.047130923718214035 
0.050800830125808716 
0.05762448534369468 
0.057433061301708214 
0.05687569081783295 
0.048903193324804306 
0.04950331524014473 
0.0511387437582016 
0.048989985138177865 
0.05195434764027595 
0.054119594395160675 
0.052691590040922165 
0.058457352221012115 
0.052065182477235794 
0.053755346685647964 
0.055031154304742806 
0.05375479906797409 
0.045247212052345276 
0.05900881439447402 
0.0529937669634819 
0.05733225122094154 
0.047633301466703415 
0.05724645406007767 
0.06187552586197854 
0.05302777141332626 
0.052280023694038384 
0.055310115218162544 
0.05191362276673317 
0.057103678584098816 
0.04771815240383148 
0.056601382791996 
0.05366910621523857 
0.04915257543325424 
0.05185183137655258 
0.046235766261816025 
0.05631871521472931 
0.056142222136259086 
0.05258219316601753 
0.048655327409505844 
0.04782923683524132 
0.05028006434440613 
0.05493795499205589 
0.05902128294110299 
0.04943400993943215 
0.04998331516981125 
0.055705852806568146 
0.04738842695951461 
0.4360319674015045 
0.4488265812397003 
0.4282630980014801 
0.048555660992860794 
0.4808702766895294 
0.48105099797248835 
0.05547131225466728 
0.047628842294216156 
0.055554669350385666 
0.05796245485544205 
0.05549635738134384 
0.48279070854187006 
0.05687977373600007 
0.05439678952097892 
0.08943799138069153 
0.05045715719461441 
0.05484890192747116 
0.10392013937234877 
0.05734734237194062 
0.05043978616595268 
0.08416958898305893 
0.05065498128533363 
0.25404414534568787 
0.26042667031288147 
0.2488630712032318 
0.05156898871064186 
0.049082744866609566 
0.057191476225852966 
0.22226180136203766 
0.05506477504968643 
0.05693724378943443 
0.2196817249059677 
0.04681150615215302 
0.05687026306986809 
0.05534913763403892 
0.05278160423040391 
0.05540357157588005 
0.054722484201192856 
0.22824710607528687 
0.048583455383777625 
0.060494791716337204 
0.05274556949734688 
0.05689062178134918 
0.1687779575586319 
0.0509866401553154 
0.05563057959079742 
0.0541750006377697 
0.056512545794248574 
0.054342456161975854 
0.057760663330554955 
0.16879470646381378 
0.05882466956973075 
0.054946102201938636 
0.05883508920669556 
0.15981191396713257 
0.2513600289821625 
0.05500973388552666 
0.24454741179943085 
0.055708397179841995 
0.05647306516766548 
0.24697060883045194 
0.052262939512729645 
0.05613632872700691 
0.23461186885833743 
0.05373421311378479 
0.055874012410640723 
0.22722281515598297 
0.056990399956703186 
0.058381345123052604 
0.23365506529808044 
0.04946589469909668 
0.052273452281951904 
0.16390341520309448 
0.048893161118030555 
0.05350543558597565 
0.1619819849729538 
0.05057914182543754 
0.05654069036245346 
0.17533202469348907 
0.04769088700413704 
0.05845975130796433 
0.0497058928012848 
0.053605005145072944 
0.054931432008743286 
0.05387200415134429 
0.05576568469405174 
0.04802887514233589 
0.046578895300626755 
0.047493353486061096 
0.05322849377989769 
0.052394650876522064 
0.047165099531412125 
0.05754663050174713 
0.04494867101311684 
0.05000567436218262 
0.05578458309173583 
0.043761443346738815 
0.05509976670145989 
0.04923687502741814 
0.05178545787930488 
0.05160896107554436 
0.05727806687355042 
0.05687323212623596 
0.051684092730283744 
0.04931243136525154 
0.05806272104382515 
0.0547032468020916 
0.057232797145843506 
0.05433513969182968 
0.05378520116209984 
0.05595242232084274 
0.05095573514699936 
0.05302075669169426 
0.051271580159664154 
0.05338346585631371 
0.052744824439287186 
0.051287174224853516 
0.05455540493130684 
0.0522855706512928 
0.04998299852013588 
0.05739995837211609 
0.0576869398355484 
0.04954294487833977 
0.04927415773272514 
0.053742628544569016 
0.04268474131822586 
0.05134596303105355 
0.051166173070669174 
0.047470204532146454 
0.0539155937731266 
0.059519793838262565 
0.04690001904964447 
0.05460831522941589 
0.04814945161342621 
0.04419669136404991 
0.05497485399246216 
0.054756436496973045 
0.06253761798143387 
0.054037906229495995 
0.05881041660904884 
0.055446073412895196 
0.04879477992653847 
0.0503796823322773 
0.060534246265888214 
0.054354257881641395 
0.05183868482708931 
0.05260684713721276 
0.05577421188354492 
0.05125782266259193 
0.05432945489883423 
0.04945281520485878 
0.051684923470020294 
0.05330083519220352 
0.05198301374912261 
0.05273694545030594 
0.05968942865729333 
0.04952476918697357 
0.05315094068646432 
0.05782390385866166 
0.04602804407477379 
0.05699567124247551 
0.054538555443286896 
0.05451321601867676 
0.055662158876657486 
0.051076948642730706 
0.051737532019615166 
0.04994093254208565 
0.060328602790832526 
0.0533924177289009 
0.05360906943678856 
0.050762977451086044 
0.051936075091362 
0.04852193221449852 
0.05712315812706947 
0.0475902333855629 
0.04713616520166397 
0.04741370677947998 
0.051381349563598626 
0.05468730628490448 
0.05507265403866768 
0.05324292182922363 
0.05079606547951699 
0.05793056637048721 
0.04730692505836487 
0.05163807421922684 
0.05341379716992378 
0.05263114720582962 
0.04721154272556305 
