0.025102948769927025 
0.3735021650791168 
0.22869716584682465 
0.2435419261455536 
0.28721755743026733 
0.02356334961950779 
0.3863733112812042 
0.2869071364402771 
0.24106553196907043 
0.2722415626049042 
0.02552144229412079 
0.2676905393600464 
0.25434398651123047 
0.395250290632248 
0.27424511313438416 
0.025879468768835068 
0.24517203867435458 
0.2532728314399719 
0.2963320016860962 
0.5242881774902344 
0.024965766817331318 
0.21610198915004733 
0.2423262745141983 
0.023931754752993584 
0.2384712845087051 
0.27409735321998596 
0.3011665940284729 
0.5222266316413879 
0.02441294491291046 
0.24265310168266296 
0.24394287168979645 
0.023604264482855793 
0.2427124083042145 
0.24337510764598846 
0.3039690852165222 
0.5275467038154602 
0.02608742192387581 
0.24515008926391602 
0.24618299305438995 
0.3047301769256592 
0.2946752905845642 
0.021647129207849503 
0.21805112063884735 
0.19336065649986264 
0.02466714382171631 
0.2095276564359665 
0.3354327380657196 
0.21615538001060486 
0.29246950149536133 
0.024746796116232872 
0.21982504427433014 
0.2207728624343872 
0.2844894826412201 
0.2933429181575775 
0.2687990069389343 
0.30991411209106445 
0.023498674854636192 
0.19234459102153775 
0.2051103711128235 
0.2948368489742279 
0.2976255714893341 
0.29446515440940857 
0.21943847835063934 
0.02639107033610344 
0.30703768134117126 
0.19544872641563416 
0.2958323061466217 
0.24050907790660858 
0.02535575442016125 
0.27772921323776245 
0.24307149648666382 
0.28471603989601135 
0.20836418867111206 
0.023699797689914707 
0.2978752851486206 
0.1829189509153366 
0.29647332429885864 
0.18352365493774417 
0.02239610068500042 
0.28033921122550964 
0.21393294632434845 
0.21318013966083527 
0.02561198547482491 
0.32158538699150085 
0.23289592564105988 
0.23090119659900665 
0.1836642175912857 
0.025299543514847755 
0.33485135436058044 
0.1995776891708374 
0.24927474558353427 
0.2041355669498444 
0.029514744877815247 
0.2820875346660614 
0.22156812250614166 
0.24217700958251953 
0.24929788708686831 
0.31747525930404663 
0.25215473771095276 
0.2017836570739746 
0.31214213371276855 
0.025390328839421272 
0.2853279709815979 
0.21708741784095764 
0.30309024453163147 
0.2880009710788727 
0.20687583088874817 
0.02633417211472988 
0.24962534010410306 
0.1706225574016571 
0.2749718427658081 
0.2865445911884308 
0.18888519704341888 
0.02567710168659687 
0.18223755061626434 
0.28862079977989197 
0.27440911531448364 
0.2108914852142334 
0.02522987313568592 
0.21786709129810336 
0.29549646377563477 
0.2199670970439911 
0.1669684499502182 
0.027944507077336315 
0.1754651963710785 
0.28460487723350525 
0.24954260885715485 
0.1987151801586151 
0.02235003560781479 
0.21694979071617126 
0.28743401169776917 
0.21141548454761505 
0.044179461896419525 
0.21861644089221954 
0.025686129927635193 
0.0502232350409031 
0.03829088807106018 
0.24445362389087677 
0.20558564364910126 
0.027670670300722126 
0.04715321585536003 
0.04975679889321327 
0.2313155233860016 
0.22048407793045044 
0.024421755224466324 
0.04896435886621475 
0.24879226088523868 
0.25288742780685425 
0.025198254734277722 
0.04177216812968254 
0.2479294091463089 
0.2521207928657532 
0.046916600316762924 
0.024793189018964767 
0.2422616630792618 
0.03970582038164139 
0.2398380637168884 
0.024225670844316483 
0.043334297835826874 
0.23182371258735657 
0.22504764795303345 
0.025541767477989197 
0.051782082766294486 
0.2118846923112869 
0.022921407595276833 
0.2640892565250397 
0.04472579061985016 
0.2373909056186676 
0.026642706245183945 
0.2567969858646393 
0.25297605991363525 
0.02548485063016415 
0.2596498727798462 
0.04851258173584938 
0.22739391028881076 
0.04080645367503166 
0.19773311913013458 
0.02495764195919037 
0.05091313645243644 
0.2169346660375595 
0.04022475704550743 
0.22237855195999146 
0.021644404157996178 
0.22269038856029513 
0.03721257671713829 
0.21940456330776215 
0.02327798493206501 
0.04393327981233597 
0.04318510368466377 
0.22610366344451904 
0.043621256947517395 
0.04301229864358902 
0.21817155182361603 
0.026400577276945114 
0.03919484466314316 
0.04223760962486267 
0.19454899430274963 
0.04305601865053177 
0.21722856163978577 
0.024470243602991104 
0.04704875499010086 
0.23730586469173431 
0.046351343393325806 
0.2435964047908783 
0.025308234617114067 
0.040357038378715515 
0.22546346485614777 
0.047274582087993615 
0.20036011934280396 
0.024593938142061234 
0.046172142028808594 
0.18626809120178223 
0.04281699284911156 
0.1988230496644974 
0.02481485716998577 
0.04175272211432457 
0.21298201382160187 
0.25751128792762756 
0.027198318392038345 
0.04493262246251106 
0.040464747697114944 
0.21171499788761136 
0.21915510296821597 
0.026216156780719757 
0.050187163054943085 
0.05207686498761178 
0.20614205300807956 
0.04371819645166397 
0.20017239451408386 
0.02496732026338577 
0.04917462542653084 
0.04720115661621094 
0.04106007143855095 
0.04549330100417137 
0.1895914375782013 
0.042549341917037964 
0.21481725573539734 
0.02625969983637333 
0.04578787460923194 
0.04053312540054321 
0.20295371115207672 
0.04756670817732811 
0.2075614035129547 
0.04409850761294365 
0.024140600115060806 
0.20921596884727478 
0.04008961841464043 
0.03928951546549797 
0.18840043246746063 
0.02418425679206848 
0.048763379454612725 
0.2019096314907074 
0.0509485937654972 
0.21955670416355133 
0.021110069006681442 
0.038304608315229416 
0.21358227729797366 
0.043537989258766174 
0.18284806609153748 
0.02397974394261837 
0.04822409898042679 
0.1921292096376419 
0.04417920485138893 
0.20349761843681335 
0.022909559309482574 
0.0475488007068634 
0.05099910497665405 
0.042507145553827286 
0.21511073410511014 
0.04255267232656479 
0.055181577801704414 
0.2176709622144699 
0.02553590014576912 
0.04234997183084488 
0.23015402257442474 
0.02619018964469433 
0.04956027865409851 
0.052125364542007446 
0.2465607821941376 
0.2147403508424759 
0.024276068434119225 
0.2644907534122467 
0.240741640329361 
0.026762409135699272 
0.0505347102880478 
0.04364536330103874 
0.24304910004138944 
0.24954776465892795 
0.023041613399982452 
0.22647038102149963 
0.267997145652771 
0.05262679234147072 
0.04608006402850151 
0.02623245120048523 
0.26710519194602966 
0.2467967122793198 
0.025184862315654755 
0.2190185785293579 
0.25592437386512756 
0.04511631280183792 
0.025861889123916626 
0.04970356449484826 
0.2516258656978607 
0.26948943734169006 
0.02304651401937008 
0.22504913806915283 
0.23553761839866638 
0.024136144667863846 
0.04929475858807564 
0.04722273349761963 
0.2433394491672516 
0.24867889285087588 
0.20501269400119781 
0.02318844385445118 
0.04083823040127754 
0.04163546487689018 
0.19985616207122803 
0.19156815111637115 
0.02570275217294693 
0.04356696456670761 
0.042826663702726364 
0.04865065962076187 
0.21735119819641113 
0.21875107288360596 
0.02475856989622116 
0.054819364100694656 
0.04412742704153061 
0.04143751040101051 
0.20727194845676422 
0.22787451744079593 
0.026375010609626767 
0.04311249032616615 
0.05033152550458908 
0.212276428937912 
0.2124388962984085 
0.02897911332547665 
0.044080700725317 
0.04132223501801491 
0.2184889167547226 
0.22049792110919952 
0.028196334838867188 
0.04990816488862038 
0.045331694185733795 
0.20936317741870877 
0.22773413360118866 
0.024422485381364822 
0.04910529777407646 
0.05245603248476982 
0.22517348825931546 
0.20165416598320007 
0.02149428240954876 
0.045494064688682556 
0.04488338157534599 
0.223989337682724 
0.205501064658165 
0.02301267348229885 
0.05566876754164696 
0.041185859590768814 
0.2087239921092987 
0.1886657178401947 
0.05196959897875786 
0.025432651862502098 
0.04404401034116745 
0.050679102540016174 
0.05438936874270439 
0.19601589441299438 
0.21636843681335452 
0.02578861080110073 
0.04318656399846077 
0.051167037338018424 
0.04999776929616928 
0.04264257103204727 
0.19520315527915955 
0.22716620564460752 
0.024603188037872314 
0.04472651332616806 
0.052064765244722366 
0.18625308573246 
0.206029012799263 
0.04440222680568695 
0.0244813933968544 
0.04718847945332528 
0.21883411705493927 
0.2014581859111786 
0.044731564819812775 
0.024940254166722298 
0.04894646629691124 
0.2069419622421265 
0.1880260854959488 
0.04900289699435234 
0.02143976092338562 
0.05206483229994773 
0.20499111711978912 
0.0473555251955986 
0.19711504876613617 
0.023695843294262886 
0.04625868797302246 
0.2773684561252594 
0.2747896909713745 
0.20277179777622223 
0.28533869981765747 
0.1757071316242218 
0.024239055812358856 
0.05082206428050995 
0.3881693184375763 
0.2900935113430023 
0.40128597617149353 
0.20119152963161469 
0.20385831594467163 
0.022825516760349274 
0.3768323063850403 
0.048146620392799384 
0.036588527262210846 
0.2652488052845001 
0.040046535432338715 
0.03357677161693573 
0.2259178459644318 
0.5501096844673157 
0.04080301895737648 
0.03837287798523903 
0.2910597622394562 
0.0501580685377121 
0.047126345336437225 
0.041882168501615524 
0.5500678420066833 
0.05194242298603058 
0.049380313605070114 
0.04127276688814163 
0.04237916320562363 
0.2816004753112793 
0.054389022290706635 
0.04063786566257477 
0.5392362475395203 
0.05338948965072632 
0.049529001116752625 
0.04342987388372421 
0.04269739240407944 
0.041091784834861755 
0.03647397458553314 
0.29921990633010864 
0.04734361171722412 
0.04471167176961899 
0.04110519215464592 
0.21776920557022095 
0.052353110164403915 
0.05151209235191345 
0.04659099876880646 
0.26623857021331787 
0.04258408024907112 
0.04558808356523514 
0.22969059646129608 
0.2733866274356842 
0.04865918308496475 
0.27476346492767334 
0.03811343014240265 
0.052313949912786484 
0.289166122674942 
0.23866459727287292 
0.04369483143091202 
0.035487864166498184 
0.32357868552207947 
0.04484771192073822 
0.2767186462879181 
0.3342887759208679 
0.05274887382984162 
0.04147389903664589 
0.05299203097820283 
0.3237551748752594 
0.2591598927974701 
0.03629286214709282 
0.037486862391233444 
0.04977940022945404 
0.30731841921806335 
0.31636106967926025 
0.04173753783106804 
0.04329434409737587 
0.044768426567316055 
0.3210676312446594 
0.27862462401390076 
0.053550075739622116 
0.03636784851551056 
0.053328368812799454 
0.3020302951335907 
0.03931224346160889 
0.2746330797672272 
0.041390370577573776 
0.05479102209210396 
0.2531614303588867 
0.0404960997402668 
0.04352527856826782 
0.24222081899642942 
0.04823734238743782 
0.2824830710887909 
0.24480484426021576 
0.04701061546802521 
0.30688419938087463 
0.040768418461084366 
0.043359920382499695 
0.27157413959503174 
0.04045623913407326 
0.28352612257003784 
0.262342631816864 
0.04306234046816826 
0.04285958781838417 
0.3282664716243744 
0.3359289765357971 
0.04988524690270424 
0.27289772033691406 
0.31480172276496887 
0.03884386643767357 
0.05518480390310288 
0.2964905798435211 
0.31425580382347107 
0.03970957547426224 
0.04108879342675209 
0.04763629660010338 
0.3022296130657196 
0.2728184163570404 
0.04721911996603012 
0.04018724337220192 
0.04526977986097336 
0.3214794397354126 
0.2737830579280853 
0.054664682596921914 
0.04402928426861763 
0.051353320479393 
0.24876080453395844 
0.25820192694664 
0.04525584354996681 
0.042412299662828445 
0.03855942562222481 
0.0483621321618557 
0.28487512469291687 
0.05024281516671181 
0.03980232775211334 
0.04444177448749542 
0.04019593447446823 
0.05490627884864807 
0.2810623049736023 
0.04394970461726189 
0.044184714555740356 
0.04220753163099289 
0.03703627735376358 
0.05079720541834831 
0.04278584197163582 
0.041764307767152786 
0.05108485743403435 
0.03748839348554611 
0.04668402671813965 
0.04378282278776169 
0.0408821739256382 
0.049725376069545746 
0.053789813071489334 
0.04115435853600502 
0.04387585446238518 
0.05319948866963386 
0.044600438326597214 
0.036817263811826706 
0.05867765098810195 
0.042924489825963974 
0.0395006388425827 
0.0394703634083271 
0.0477752722799778 
0.0474671833217144 
0.05850540846586228 
0.038847438991069794 
0.051474858075380325 
0.04380805790424347 
0.03699285537004471 
0.04903696104884147 
0.045418981462717056 
0.03909122943878174 
0.045312363654375076 
0.03875373676419258 
0.04610108584165574 
0.04656717926263809 
0.03946049511432648 
0.044741321355104446 
0.04955441504716873 
0.04119966924190521 
0.04976777359843254 
0.05014356970787048 
0.043553296476602554 
0.05295901000499725 
0.04705583676695824 
0.04526982456445694 
0.04824185371398926 
0.05237901210784912 
0.04642345383763313 
0.047479528933763504 
0.0458100326359272 
0.04458814859390259 
0.04584265500307083 
0.04129694774746895 
0.03887932002544403 
0.035437460988759995 
0.04777343571186066 
0.05019451305270195 
0.04443545266985893 
0.03747216984629631 
0.04577139392495155 
0.046175919473171234 
0.04958348348736763 
0.05091952160000801 
0.041337914764881134 
0.04366683214902878 
0.04704742506146431 
0.048177123069763184 
0.04410019889473915 
0.04559871926903725 
0.03671141713857651 
0.04852348193526268 
0.042237818241119385 
0.04566936194896698 
0.04190661758184433 
0.03930004686117172 
0.043174225836992264 
0.04852287843823433 
0.046759020537137985 
0.04220986366271973 
0.03672043979167938 
0.04142684489488602 
0.05131876096129418 
0.039991479367017746 
0.04125959053635597 
0.04407745227217674 
0.04592272266745567 
0.05424060299992561 
0.04649146646261215 
0.049643125385046005 
0.05110598355531692 
0.036305204033851624 
0.047590214759111404 
0.05305374041199684 
0.04343884065747261 
0.04518337547779083 
0.03810987249016762 
0.04625905677676201 
0.05160436034202576 
0.046501316130161285 
0.042933084070682526 
0.04635214805603027 
0.04046334698796272 
0.03956810384988785 
0.058874271810054786 
0.04239540919661522 
0.05610510334372521 
0.050232551991939545 
0.051123570650815964 
0.04106204956769943 
0.04642236605286598 
0.055007483810186386 
0.04673737660050392 
0.04665983468294144 
0.041683707386255264 
0.046963490545749664 
0.04857235774397849 
0.040803465992212296 
0.04894360899925232 
0.03500432148575783 
0.046682633459568024 
0.03976353630423546 
0.04718990996479989 
0.051288798451423645 
0.048247359693050385 
0.04052842780947685 
0.04747113958001137 
0.04435811936855316 
0.04506322368979454 
0.043031781911849976 
0.0492117665708065 
0.04163471236824989 
0.043151333928108215 
0.053550731390714645 
0.04843439161777496 
0.05243629217147827 
0.04641510546207428 
0.03919515386223793 
0.03926670178771019 
0.044980693608522415 
0.04898199066519737 
0.04209307208657265 
0.044388722628355026 
0.04276314750313759 
0.04917900636792183 
0.048655517399311066 
0.03888551890850067 
0.04775246977806091 
0.047179929912090295 
0.04420103132724762 
0.04041537269949913 
0.04894132539629936 
0.052424259483814246 
0.04440216347575188 
0.0539809986948967 
0.03973282128572464 
0.05353529751300812 
0.04034169763326645 
0.04573788121342659 
0.045512862503528595 
0.04154709726572037 
0.04097706824541092 
0.03810819238424301 
0.05373932421207428 
0.04657765105366707 
0.04928392171859741 
0.03837611898779869 
0.04493297263979912 
0.044935192912817 
0.060765914618968964 
0.03770849481225014 
0.04615266993641853 
0.051464617252349854 
0.042600058019161224 
0.04725787416100501 
0.04838435724377632 
0.062331024557352066 
0.043397147208452225 
0.044331133365631104 
0.05144088715314865 
0.054483044892549515 
0.044310007244348526 
0.04286867752671242 
0.03825289011001587 
0.04848196730017662 
0.045654408633708954 
0.05167466029524804 
0.0598902776837349 
0.03700736165046692 
0.04544027894735336 
0.043143950402736664 
0.0374426506459713 
0.042520202696323395 
0.05610663816332817 
0.040452051907777786 
0.04593709483742714 
0.050118863582611084 
0.04472959414124489 
0.04574545845389366 
0.046396393328905106 
0.046950481832027435 
0.0444621741771698 
0.046081919223070145 
0.04542931914329529 
0.05115451291203499 
0.05068951100111008 
0.04861215129494667 
0.0495157428085804 
0.04609290510416031 
0.0459364615380764 
0.054455410689115524 
0.04776069521903992 
0.04879322648048401 
0.041293539106845856 
0.049227666109800346 
0.043302021920681 
0.05280361324548721 
0.05479363352060317 
0.0425247997045517 
0.04213652014732361 
0.04679889976978302 
0.0527241826057434 
0.0505097396671772 
0.0471482090651989 
0.05217885598540306 
0.05608423426747322 
0.043108899146318436 
0.04969348758459091 
0.04890340566635132 
0.047269802540540695 
0.04542658478021622 
0.03404825180768967 
0.040986645966768265 
0.04369112104177475 
0.04380561783909798 
0.04224381595849991 
0.0504145473241806 
0.04189727082848549 
0.04419160634279251 
0.042781781405210495 
0.04504324868321419 
0.0565354935824871 
0.05524349957704544 
0.04165087640285492 
0.043131161481142044 
0.04620041698217392 
0.040812112390995026 
0.04792705550789833 
0.0478178896009922 
0.04108312353491783 
0.05338126048445701 
0.04549645632505417 
0.046133264899253845 
0.05396380648016929 
0.04368717223405838 
0.048537857830524445 
0.02310866303741932 
0.04803866893053055 
0.05549133569002151 
0.024752283468842506 
0.05233043804764747 
0.04514634609222412 
0.026459608227014545 
0.05299878865480423 
0.04723963886499405 
0.05107977241277695 
0.02748729847371578 
0.041574057191610336 
0.02642162889242172 
0.042406100779771805 
0.049394600093364716 
0.0489787757396698 
0.03948158025741577 
0.04917151853442192 
0.02154420129954815 
0.04658975079655647 
0.04788323119282722 
0.02291704155504704 
0.020098553970456123 
0.04489744082093239 
0.045696977525949485 
0.049896445125341415 
0.022055117413401604 
0.04836079105734825 
0.04651015251874924 
0.026264175772666928 
0.04862109571695328 
0.051991306245327 
0.02143697254359722 
0.04760735481977463 
0.05157400667667389 
0.05384762212634087 
0.048914745450019836 
0.045053377747535706 
0.05037319287657738 
0.022630177438259125 
0.021022556349635124 
0.045370880514383316 
0.048693206161260605 
0.05367490276694298 
0.05357757955789566 
0.0485994815826416 
0.050042171031236655 
0.023740366101264954 
0.02301979996263981 
0.04563778266310692 
0.04993719980120659 
0.02180383913218975 
0.04957657679915429 
0.043384749442338943 
0.025708822533488274 
0.040611956268548965 
0.03998274728655815 
0.05497563257813453 
0.024533510208129883 
0.047111403197050095 
0.04480058699846268 
0.04757178574800491 
0.045068349689245224 
0.02342166751623154 
0.06132449954748154 
0.045094192028045654 
0.050855085253715515 
0.04756836220622062 
0.025818482041358948 
0.043796293437480927 
0.05526930093765259 
0.04542294517159462 
0.052148520946502686 
0.020092420279979706 
0.025793181732296944 
0.05530437082052231 
0.020359808579087257 
0.04392816498875618 
0.040905434638261795 
0.027815332636237148 
0.02634073980152607 
0.04670440033078194 
0.044772762805223465 
0.048234060406684875 
0.02014322765171528 
0.05259281396865845 
0.022336235269904137 
0.0638851597905159 
0.046250056475400925 
0.022041140124201775 
0.04271852597594261 
0.05056457221508026 
0.025440959259867668 
0.05024845525622368 
0.017732780426740646 
0.024056600406765938 
0.054336898028850555 
0.040037985891103745 
0.02848825603723526 
0.04983867332339287 
0.024144873023033142 
0.024762282148003578 
0.05067058280110359 
0.050260018557310104 
0.048194728791713715 
0.02382875606417656 
0.020366894081234932 
0.047488585114479065 
0.048787519335746765 
0.024316627532243732 
0.04260355234146118 
0.05175724998116493 
0.020721429958939552 
0.026508403941988945 
0.04487185552716255 
0.02336203120648861 
0.020450985059142113 
0.060187850147485726 
0.04100550338625908 
0.020217105746269226 
0.02172105386853218 
0.04563980922102928 
0.043315839022397995 
0.02004173770546913 
0.04261062666773796 
0.024823838844895363 
0.04475799947977065 
0.02071874961256981 
0.042698007076978683 
0.05119987204670906 
0.027582276612520218 
0.048479922115802765 
0.02093728817999363 
0.04118351638317108 
0.04680271074175835 
0.0360846146941185 
0.053673397749662406 
0.04038001224398613 
0.05937385559082031 
0.0205029658973217 
0.05049419403076171 
0.03196824714541435 
0.045050736516714096 
0.049319449812173836 
0.02192092314362526 
0.04206246882677078 
0.035824961960315704 
0.05189264938235283 
0.05025443062186241 
0.019256729632616043 
0.029334887862205505 
0.04326927289366722 
0.041688885539770126 
0.045433323830366135 
0.04474997892975807 
0.04973667114973068 
0.03937135636806488 
0.04871784523129464 
0.047019053250551224 
0.029641998931765553 
0.042791008949279785 
0.0321296751499176 
0.047367341816425323 
0.03941540792584419 
0.05546252056956291 
0.04315338283777237 
0.044705603271722794 
0.030566036701202393 
0.03572394326329231 
0.0451454259455204 
0.046410661190748215 
0.051837898790836334 
0.05591227114200593 
0.055839598178863525 
0.037082549184560776 
0.045100271701812744 
0.04456469044089318 
0.03139057010412216 
0.04629113897681236 
0.049962680786848075 
0.05659700930118561 
0.036731328815221786 
0.0369480699300766 
0.049515426158905036 
0.04031888768076897 
0.035195957869291306 
0.04867635294795036 
0.049677446484565735 
0.03715026006102562 
0.04743755981326103 
0.03015771321952343 
0.05161665007472038 
0.04676973447203636 
0.044931378215551376 
0.034575607627630234 
0.047888096421957016 
0.0459432527422905 
0.029659423977136615 
0.04402908310294151 
0.04423993080854416 
0.034403424710035324 
0.04818575829267502 
0.05150221660733223 
0.029426958411931995 
0.056473780423402786 
0.04301239177584648 
0.035228390246629715 
0.044940318912267685 
0.052688047289848335 
0.038578372448682785 
0.047600939869880676 
0.041785866022109985 
0.03587149828672409 
0.034171730279922485 
0.056342978030443185 
0.0469583161175251 
0.04873070493340492 
0.03512485325336456 
0.05500650778412818 
0.03124800510704517 
0.04763151332736015 
0.04712105914950371 
0.029115630313754078 
0.04256786033511162 
0.034476879984140396 
0.05335738137364388 
0.054659076035022736 
0.0372987724840641 
0.035608433187007904 
0.04736269265413284 
0.04238187149167061 
0.04651501029729843 
0.03732456639409065 
0.03798229247331619 
0.051578652113676064 
0.027214460074901584 
0.04595748335123062 
0.044661398977041245 
0.03388344496488571 
0.045167602598667145 
0.02978676743805408 
0.048864658921957016 
0.03500188887119293 
0.04807420074939728 
0.04951241239905358 
0.04529903456568718 
0.026787111535668373 
0.030292171984910965 
0.039635829627513885 
0.0487857349216938 
0.04758274182677268 
0.036633286625146866 
0.036105040460824966 
0.051075033843517297 
0.03472868353128433 
0.044483259320259094 
0.051589034497737885 
0.031591858714818954 
0.043733861297369 
0.03197214752435684 
0.041469477117061615 
0.03960307314991951 
0.05953719839453698 
0.04814236983656883 
0.03236871957778931 
0.02843223698437214 
0.044368062168359756 
0.046924468129873276 
0.038152292370796204 
0.0544990599155426 
0.05306162685155868 
0.04712813347578049 
0.03137117624282837 
0.04660275205969811 
0.052349735051393516 
0.0515965297818184 
0.045066606253385544 
0.030564278364181515 
0.04915999621152878 
0.052230898290872574 
0.04736446961760521 
0.05029809847474098 
0.030176259577274323 
0.05453096702694893 
0.049867771565914154 
0.04781048372387886 
0.05125080794095993 
0.044848762452602386 
0.04397015646100044 
0.04259493947029114 
0.05081340670585632 
0.045500747859478004 
0.04669353738427162 
0.04734981432557106 
0.044396474957466125 
0.042379386723041534 
0.05007190257310868 
0.04573775827884674 
0.0481480099260807 
0.05339687317609787 
0.048441577702760696 
0.04147402197122574 
0.04301547631621361 
0.05801442638039589 
0.04459679499268531 
0.043970704078674316 
0.04757968336343765 
0.04512909799814224 
0.041005320847034454 
0.046139612793922424 
0.04513834789395332 
0.047497283667325974 
0.04523755609989166 
0.05160301178693771 
0.043078891932964325 
0.041358426213264465 
0.04900265485048294 
0.04497147724032402 
0.06247895956039429 
0.04069782793521881 
0.04585835337638855 
0.04484467953443527 
0.0440678633749485 
0.04822369664907456 
0.05232431367039681 
0.04901118203997612 
0.0469907745718956 
0.05130871385335922 
0.046872783452272415 
0.048949141055345535 
0.0437612421810627 
0.05099565535783768 
0.05213278904557228 
0.05409474298357964 
0.041737720370292664 
0.049860101193189614 
0.04261036589741707 
0.037266988307237625 
0.04770778492093086 
0.04462962970137596 
0.04974064603447914 
0.0581449493765831 
0.04814605042338371 
0.04337393119931221 
0.04960530996322632 
0.04760483652353287 
0.04793422296643257 
0.0481635332107544 
0.04906542599201202 
0.046307776123285294 
0.04690057039260864 
0.04060922563076019 
0.049714189022779465 
0.053239855915308 
0.05089694261550903 
0.04921724647283554 
0.04611630737781525 
0.05655476450920104 
0.0497579462826252 
0.04740270227193833 
0.04638679325580597 
0.04558679834008217 
0.042300034314394 
0.042855024337768555 
0.046881627291440964 
0.0392269492149353 
0.05145433172583581 
0.04949352517724038 
0.04279310256242752 
0.04601464420557022 
0.05977191776037216 
0.04712013155221939 
0.043640702962875366 
0.05380614846944809 
0.04518784582614899 
0.05308673158288002 
0.0475965216755867 
0.04646206647157669 
0.049598619341850274 
0.04896521568298339 
0.0400921106338501 
0.04959044978022575 
0.048185914754867554 
0.05213815346360206 
0.04882826656103134 
0.04482791945338249 
0.044406093657016754 
0.05084263533353806 
0.04375189170241356 
0.051284089684486396 
0.04819728434085846 
0.041287511587142944 
0.05116267129778862 
0.052992161363363266 
0.04842860996723175 
0.04669781029224396 
0.053519360721111305 
0.04871068522334098 
0.04449829086661339 
0.05207915976643562 
0.04624034836888313 
0.050512608140707016 
0.045252639800310135 
0.04898177832365036 
0.046786725521087646 
0.04422501102089882 
0.04827207699418068 
0.0527535080909729 
0.05089448392391205 
0.04386011138558388 
0.04396215081214905 
0.053712714463472366 
0.044200003147125244 
0.046385377645492554 
0.04620472341775894 
0.05086950212717056 
0.05084858462214469 
0.043051060289144516 
0.04599009454250336 
